accel_time_list,vertical_Accel_x,vertical_Accel_y,vertical_Accel_z
0.0,0.896,-4.564,-8.634
0.007996278575225944,1.0503958086810379,-4.437778412306426,-10.073831867057672
0.015992557150451888,0.8930496818782048,-4.636653598806401,-10.088534701857283
0.02398883572567783,0.7357035550753717,-4.835528785306375,-10.103237536656891
0.031985114300903776,0.5783574282725386,-5.0344039718063485,-10.1179403714565
0.03998139287612972,0.42101130146970545,-5.233279158306323,-10.132643206256109
0.04797767145135566,0.26366517466687245,-5.432154344806298,-10.147346041055718
0.055973950026581606,0.10631904786403934,-5.631029531306272,-10.162048875855326
0.06397022860180755,-0.05102707893879388,-5.8299047178062455,-10.176751710654937
0.0719665071770335,-0.20837320574162677,-6.02877990430622,-10.191454545454546
0.07996278575225944,-0.3657193325444601,-6.227655090806195,-10.206157380254155
0.08795906432748539,-0.5230654593472932,-6.426530277306169,-10.220860215053763
0.09595534290271132,-0.6804115861501261,-6.625405463806143,-10.235563049853372
0.10395162147793727,1.863158692185011,-3.4246158958001036,-7.73114061669325
0.11194790005316321,0.1551728622254938,-5.061677299308878,-8.632730614414825
0.11994417862838916,0.2585093853514907,-4.957725677830941,-8.652150148097517
0.1279404572036151,0.36184590847748754,-4.853774056353004,-8.671569681780209
0.13593673577884105,0.4651824316034843,-4.749822434875066,-8.6909892154629
0.143933014354067,0.5685189547294811,-4.645870813397129,-8.710408749145591
0.15192929292929294,0.6718554778554781,-4.541919191919192,-8.729828282828283
0.1599255715045189,0.7751920009814749,-4.437967570441255,-8.749247816510975
0.16792185007974483,0.8785285241074717,-4.334015948963317,-8.768667350193667
0.17591812865497078,0.9818650472334686,-4.23006432748538,-8.788086883876359
0.18391440723019672,1.0852015703594655,-4.126112706007443,-8.807506417559049
0.19191068580542264,1.188538093485462,-4.022161084529506,-8.82692595124174
0.1999069643806486,1.2918746166114587,-3.9182094630515687,-8.846345484924433
0.20790324295587453,0.817640279421264,-4.677776251479138,-8.531524829506154
0.21589952153110048,0.8056028708133971,-4.666942583732058,-8.545023923444976
0.22389580010632643,0.79356546220553,-4.656108915984977,-8.558523017383799
0.23189207868155237,0.7815280535976631,-4.645275248237897,-8.572022111322621
0.23988835725677832,0.769490644989796,-4.634441580490817,-8.585521205261442
0.24788463583200426,0.7574532363819291,-4.623607912743736,-8.599020299200264
0.2558809144072302,0.745415827774062,-4.612774244996656,-8.612519393139086
0.26387719298245615,0.7333784191661951,-4.601940577249575,-8.626018487077909
0.2718734715576821,0.721341010558328,-4.5911069095024954,-8.639517581016731
0.27986975013290805,0.709303601950461,-4.580273241755415,-8.653016674955554
0.287866028708134,0.697266193342594,-4.569439574008334,-8.666515768894376
0.29586230728335994,0.685228784734727,-4.5586059062612545,-8.680014862833199
0.3038585858585859,0.8342767676767682,-4.819555555555556,-8.673739393939393
0.31185486443381183,0.7389217273954115,-4.762548644338119,-8.640243160348422
0.3198511430090378,0.7050913180386863,-4.8425114300903775,-8.6353223735329
0.3278474215842637,0.7093972570474902,-4.858152578415736,-8.631779460157874
0.33584370015948967,0.7277178446692104,-4.85015629984051,-8.628742898673611
0.3438399787347156,0.7460384322909306,-4.842160021265284,-8.625706337189348
0.35183625730994156,0.7643590199126509,-4.834163742690058,-8.622669775705086
0.3598325358851675,0.782679607534371,-4.826167464114833,-8.619633214220823
0.36782881446039345,0.8010001951560912,-4.818171185539606,-8.61659665273656
0.3758250930356194,0.8193207827778115,-4.810174906964381,-8.613560091252296
0.3838213716108453,0.8376413703995316,-4.8021786283891545,-8.610523529768033
0.39181765018607123,0.8559619580212517,-4.794182349813929,-8.60748696828377
0.3998139287612972,0.8742825456429719,-4.786186071238703,-8.604450406799506
0.4078102073365231,0.6834223421222302,-4.690430791679392,-8.351776069768231
0.41580648591174907,0.68759061499655,-4.7045518793760674,-8.339696585112039
0.423802764486975,0.69175888787087,-4.718672967072743,-8.327617100455846
0.43179904306220096,0.6959271607451899,-4.7327940547694185,-8.315537615799654
0.4397953216374269,0.7000954336195098,-4.7469151424660945,-8.303458131143461
0.44779160021265285,0.7042637064938297,-4.76103623016277,-8.291378646487269
0.4557878787878788,0.7084319793681496,-4.7751573178594455,-8.279299161831077
0.46378415736310474,0.7126002522424695,-4.7892784055561215,-8.267219677174884
0.4717804359383307,0.7167685251167895,-4.8033994932527975,-8.255140192518692
0.47977671451355663,0.7209367979911093,-4.8175205809494726,-8.2430607078625
0.4877729930887826,0.7251050708654292,-4.8316416686461485,-8.230981223206307
0.4957692716640085,0.7292733437397492,-4.845762756342824,-8.218901738550114
0.5037655502392345,0.6238341307814984,-4.992001594896335,-8.033711323763956
0.5117618288144604,0.18394287908322973,-5.532561167227834,-7.913355626439837
0.5197581073896863,0.07021802823557258,-5.498799102132436,-7.905892433102959
0.5277543859649123,-0.04350682261208613,-5.465037037037037,-7.898429239766082
0.5357506645401382,-0.1572316734597433,-5.431274971941638,-7.890966046429204
0.5437469431153642,-0.270956524307402,-5.39751290684624,-7.883502853092327
0.5517432216905901,-0.3846813751550592,-5.363750841750842,-7.87603965975545
0.5597395002658161,-0.4984062260027179,-5.329988776655443,-7.868576466418572
0.567735778841042,-0.612131076850375,-5.296226711560045,-7.861113273081695
0.575732057416268,-0.7258559276980338,-5.262464646464647,-7.853650079744817
0.5837283359914939,-0.8395807785456909,-5.228702581369248,-7.846186886407939
0.5917246145667199,-0.9533056293933496,-5.194940516273849,-7.838723693071062
0.5997208931419458,-1.0670304802410067,-5.1611784511784515,-7.831260499734184
0.6077171717171718,-1.891899595959596,-4.841780808080808,-7.13295606060606
0.6157134502923977,-1.8907801169590643,-4.828187134502924,-7.110166666666666
0.6237097288676237,-1.8896606379585326,-4.81459346092504,-7.087377272727272
0.6317060074428495,-1.888541158958001,-4.8009997873471555,-7.064587878787878
0.6397022860180755,-1.8874216799574692,-4.787406113769271,-7.041798484848484
0.6476985645933014,-1.8863022009569377,-4.773812440191388,-7.0190090909090905
0.6556948431685274,-1.8851827219564061,-4.760218766613503,-6.996219696969696
0.6636911217437533,-1.8840632429558744,-4.746625093035619,-6.973430303030303
0.6716874003189793,-1.8829437639553428,-4.733031419457735,-6.950640909090908
0.6796836788942052,-1.8818242849548112,-4.719437745879851,-6.927851515151515
0.6876799574694312,-1.8807048059542795,-4.705844072301967,-6.90506212121212
0.6956762360446571,-1.879585326953748,-4.692250398724083,-6.882272727272727
0.7036725146198831,-1.8784658479532164,-4.678656725146198,-6.8594833333333325
0.711668793195109,-2.1999843781949058,-4.121303602829916,-6.398437574121785
0.719665071770335,-2.3340758189179263,-3.7202594773647353,-6.501158998895842
0.7276613503455609,-2.8974284104199888,-2.825945341130602,-7.228723544214072
0.7356576289207869,-2.8145869643806476,-2.4201608576998,-7.357090469608366
0.7436539074960128,-2.7317455183413073,-2.0143763742690037,-7.485457395002658
0.7516501860712388,-2.648904072301966,-1.6085918908382022,-7.613824320396954
0.7596464646464647,-2.566062626262626,-1.202807407407406,-7.742191245791246
0.7676427432216906,-2.483221180223286,-0.79702292397661,-7.8705581711855395
0.7756390217969166,-2.400379734183945,-0.39123844054580825,-7.998925096579834
0.7836353003721425,-2.3175382881446045,0.014546042884988175,-8.127292021974126
0.7916315789473685,-2.2346968421052633,0.42033052631578993,-8.255658947368422
0.7996278575225944,-2.151855396065923,0.8261150097465859,-8.384025872762715
0.8076241360978204,-2.4151743145743145,5.020219796967165,-7.343344345712767
0.8156204146730462,-2.289290043290044,5.1895885926938545,-7.296508999772159
0.8236166932482722,-2.1634057720057718,5.358957388420546,-7.2496736538315485
0.8316129718234981,-2.0375215007215015,5.528326184147236,-7.20283830789094
0.8396092503987241,-1.911637229437229,5.697694979873927,-7.156002961950331
0.84760552897395,-1.7857529581529588,5.8670637756006165,-7.109167616009722
0.855601807549176,-1.6598686868686865,6.036432571327309,-7.0623322700691125
0.8635980861244019,-1.533984415584416,6.205801367053998,-7.015496924128503
0.8715943646996279,-1.408100144300144,6.375170162780689,-6.968661578187894
0.8795906432748538,-1.2822158730158735,6.5445389585073785,-6.921826232247286
0.8875869218500798,-1.1563316017316012,6.713907754234071,-6.8749908863066755
0.8955832004253057,-1.0304473304473307,6.88327654996076,-6.828155540366067
0.9035794790005317,-0.9045630591630585,7.052645345687452,-6.781320194425458
0.9115757575757576,-0.7786787878787882,7.2220141414141406,-6.734484848484849
0.9195720361509836,-2.577442672337419,8.116678362573106,-4.286700868332429
0.9275683147262095,-2.597558639021797,8.220286576289208,-4.022737985114301
0.9355645933014355,-2.5020031100478466,8.250172667464115,-3.9664641746411475
0.9435608718766614,-2.406447581073897,8.280058758639022,-3.9101903641679954
0.9515571504518874,-2.310892052099946,8.30994484981393,-3.8539165536948423
0.9595534290271133,-2.215336523125997,8.339830940988836,-3.79764274322169
0.9675497076023393,-2.119780994152046,8.369717032163743,-3.7413689327485375
0.9755459861775652,-2.0242254651780964,8.39960312333865,-3.685095122275385
0.9835422647527912,-1.9286699362041457,8.429489214513557,-3.6288213118022323
0.991538543328017,-1.8331144072301964,8.459375305688463,-3.5725475013290797
0.999534821903243,-1.7375588782562454,8.48926139686337,-3.516273690855927
1.007531100478469,-0.5771305536568889,10.181384142173629,0.7596233766234075
1.015527379053695,-1.2578786670533062,11.217160842878545,2.4496840957421133
1.0235236576289208,-1.0830509400222312,11.13138258179885,2.714197356338506
1.0315199362041467,-0.9082232129911563,11.045604320719153,2.9787106169348982
1.0395162147793726,-0.7333954859600813,10.959826059639457,3.2432238775312907
1.0475124933545987,-0.5585677589290015,10.87404779855976,3.5077371381276903
1.0555087719298246,-0.3837400318979265,10.788269537480064,3.7722503987240827
1.0635050505050505,-0.20891230486685153,10.702491276400368,4.036763659320476
1.0715013290802764,-0.034084577835776564,10.616713015320672,4.301276919916868
1.0794976076555025,0.14074314919530329,10.530934754240974,4.565790180513268
1.0874938862307284,0.31557087622637825,10.445156493161278,4.830303441109661
1.0954901648059543,0.4903986032574532,10.359378232081582,5.094816701706053
1.1034864433811802,0.5384465709728887,10.282527379053697,4.675128654970782
1.1114827219564063,0.19222620946305002,10.441833280170123,3.9530331206804874
1.1194790005316322,-0.5359255386877213,11.166740406009412,3.612546944428037
1.127475279106858,-0.46790781105400964,11.145713154941225,3.7051458247189246
1.135471557682084,-0.399890083420298,11.124685903873038,3.797744705009812
1.14346783625731,-0.3318723557865845,11.103658652804851,3.8903435853007022
1.151464114832536,-0.2638546281528729,11.082631401736665,3.9829424655915897
1.1594603934077619,-0.19583690051916125,11.061604150668478,4.075541345882478
1.1674566719829877,-0.12781917288544964,11.04057689960029,4.168140226173365
1.1754529505582139,-0.05980144525173614,11.019549648532104,4.260739106464254
1.1834492291334398,0.00821628238197547,10.998522397463917,4.353337986755142
1.1914455077086656,0.07623401001568708,10.97749514639573,4.445936867046029
1.1994417862838915,0.1442517376493987,10.956467895327544,4.538535747336917
1.2074380648591176,0.6650157496012891,11.443123006379599,4.242828615098344
1.2154343434343435,2.2079083942877045,10.76737327295948,6.01615615929409
1.2234306220095694,2.1287728097673657,10.722612495187814,6.111927679700819
1.2314269005847953,2.0496372252470265,10.677851717416146,6.207699200107547
1.2394231791600214,1.9705016407266853,10.633090939644479,6.303470720514279
1.2474194577352473,1.8913660562063463,10.588330161872811,6.399242240921008
1.2554157363104732,1.8122304716860071,10.543569384101145,6.495013761327736
1.263412014885699,1.7330948871656682,10.498808606329478,6.5907852817344645
1.2714082934609252,1.653959302645327,10.45404782855781,6.686556802141196
1.279404572036151,1.5748237181249878,10.409287050786144,6.782328322547924
1.287400850611377,1.495688133604649,10.364526273014476,6.8780998429546525
1.2953971291866029,1.4165525490843098,10.31976549524281,6.973871363361381
1.3033934077618288,1.9216496544391315,10.033429558745347,5.49802073365231
1.3113896863370549,2.735557162265935,9.881158863488688,4.133248933782266
1.3193859649122808,2.8135653021442497,9.864810916179337,3.967814814814814
1.3273822434875067,2.891573442022565,9.848462968869987,3.8023806958473627
1.3353785220627326,2.9695815819008797,9.832115021560636,3.636946576879911
1.3433748006379587,3.0475897217791967,9.815767074251285,3.471512457912455
1.3513710792131846,3.1255978616575115,9.799419126941933,3.3060783389450035
1.3593673577884104,3.2036060015358268,9.783071179632582,3.140644219977552
1.3673636363636363,3.2816141414141415,9.766723232323232,2.9752101010101004
1.3753599149388624,3.3596222812924585,9.750375285013881,2.8097759820426447
1.3833561935140883,3.4376304211707733,9.73402733770453,2.6443418630751934
1.3913524720893142,3.5156385610490886,9.71767939039518,2.4789077441077416
1.3993487506645401,3.5936467009274033,9.701331443085829,2.3134736251402903
1.4073450292397662,2.797187826196314,9.799933220147143,2.6013949569263666
1.4153413078149921,2.73201385673372,9.798385553326131,2.633723997187495
1.423337586390218,2.6668398872711263,9.79683788650512,2.6660530374486235
1.431333864965444,2.6016659178085324,9.795290219684109,2.6983820777097516
1.43933014354067,2.5364919483459367,9.793742552863097,2.730711117970881
1.447326422115896,2.471317978883343,9.792194886042084,2.763040158232009
1.4553227006911218,2.406144009420749,9.790647219221073,2.7953691984931375
1.4633189792663477,2.3409700399581554,9.789099552400062,2.827698238754266
1.4713152578415738,2.2757960704955598,9.78755188557905,2.8600272790153953
1.4793115364167997,2.210622101032966,9.78600421875804,2.8923563192765234
1.4873078149920256,2.145448131570372,9.784456551937028,2.924685359537652
1.4953040935672515,2.080274162107778,9.782908885116015,2.95701439979878
1.5033003721424776,2.0317688463583194,9.850647740563534,2.9505871345029226
1.5112966507177035,1.6733684210526303,10.354483253588517,2.958315789473673
1.5192929292929294,1.5903436748436726,10.387820827320827,2.711730399230397
1.5272892078681553,1.4736360851623995,10.415427027163869,2.5938804840383773
1.5352854864433811,1.3569284954811265,10.44303322700691,2.4760305688463577
1.5432817650186073,1.2402209057998501,10.470639426849953,2.3581806536543346
1.5512780435938331,1.123513316118577,10.498245626692995,2.2403307384623155
1.559274322169059,1.006805726437304,10.525851826536037,2.122480823270296
1.567270600744285,0.8900981367560312,10.55345802637908,2.0046309080782763
1.575266879319511,0.773390547074755,10.581064226222122,1.8867809928862531
1.583263157894737,0.6566829573934819,10.608670426065164,1.7689310776942337
1.5912594364699628,0.539975367712209,10.636276625908206,1.6510811625022142
1.5992557150451887,0.4147256778309409,10.660442849548113,1.5395571504518872
1.6072519936204148,0.2157243011835808,10.10678485687904,1.483733064719214
1.6152482721956407,0.20764385125493148,10.088267159125884,1.4685822211029964
1.6232445507708666,0.19956340132628214,10.06974946137273,1.453431377486779
1.6312408293460925,0.19148295139763283,10.051231763619576,1.4382805338705615
1.6392371079213186,0.1834025014689833,10.03271406586642,1.4231296902543438
1.6472333864965445,0.17532205154033395,10.014196368113264,1.4079788466381262
1.6552296650717704,0.16724160161168464,9.99567867036011,1.3928280030219087
1.6632259436469963,0.1591611516830353,9.977160972606956,1.3776771594056911
1.6712222222222224,0.15108070175438576,9.9586432748538,1.3625263157894734
1.6792185007974483,0.14300025182573645,9.940125577100646,1.3473754721732558
1.6872147793726742,0.13491980189708713,9.92160787934749,1.3322246285570385
1.6952110579479,0.1268393519684378,9.903090181594337,1.317073784940821
1.7032073365231262,-0.41747400318981676,9.616810526315776,1.907771929824588
1.711203615098352,-0.3279067517278055,8.36166264989072,1.9322209581192025
1.719199893673578,-0.387079213184477,8.352777895918246,1.8606098411010683
1.7271961722488038,-0.44625167464114857,8.343893141945774,1.7889987240829344
1.73519245082403,-0.5054241360978218,8.3350083879733,1.7173876070647984
1.7431887293992558,-0.5645965975544933,8.326123634000826,1.6457764900466643
1.7511850079744817,-0.6237690590111649,8.317238880028354,1.5741653730285303
1.7591812865497076,-0.6829415204678363,8.30835412605588,1.5025542560103964
1.7671775651249337,-0.7421139819245095,8.299469372083406,1.4309431389922602
1.7751738437001596,-0.801286443381181,8.290584618110934,1.3593320219741263
1.7831701222753855,-0.8604589048378526,8.28169986413846,1.2877209049559921
1.7911664008506114,-0.9196313662945241,8.272815110165988,1.2161097879378582
1.7991626794258373,-0.9788038277511957,8.263930356193514,1.1444986709197242
1.8071589580010634,-0.19985471580547964,7.400063241355262,0.9999367586447382
1.8151552365762893,-0.1925462891507033,7.4032445564873415,0.9967554435126591
1.8231515151515152,-0.18523786249592694,7.406425871619421,0.9935741283805799
1.831147793726741,-0.17792943584115056,7.4096071867515,0.9903928132485008
1.8391440723019672,-0.17062100918637402,7.412788501883579,0.9872114981164216
1.847140350877193,-0.16331258253159767,7.415969817015657,0.9840301829843425
1.855136629452419,-0.15600415587682132,7.419151132147737,0.9808488678522633
1.8631329080276449,-0.14869572922204496,7.422332447279816,0.9776675527201842
1.871129186602871,-0.1413873025672684,7.425513762411895,0.974486237588105
1.8791254651780969,-0.13407887591249204,7.428695077543974,0.971304922456026
1.8871217437533228,-0.1267704492577157,7.431876392676053,0.9681236073239468
1.8951180223285486,-0.11946202260293934,7.435057707808133,0.9649422921918677
1.9031143009037748,-0.1414715576820862,7.48776310473153,1.0368089314194637
1.9111105794790006,-0.322,7.6615289739500305,1.2495289739500308
1.9191068580542265,-0.31468935769174905,8.082128787878789,1.3792695737277092
1.9271031366294524,-0.26253181334879827,8.10111994949495,1.4564154886182408
1.9350994152046785,-0.21037426900584605,8.120111111111113,1.5335614035087748
1.9430956937799044,-0.15821672466289527,8.139102272727273,1.6107073183993064
1.9510919723551303,-0.10605918031994449,8.158093434343435,1.6878532332898382
1.9590882509303562,-0.05390163597699371,8.177084595959597,1.7649991481803697
1.9670845295055823,-0.0017440916340414891,8.196075757575759,1.8421450630709038
1.9750808080808082,0.05041345270890929,8.21506691919192,1.9192909779614356
1.983077086656034,0.10257099705186007,8.234058080808081,1.9964368928519671
1.99107336523126,0.15472854139481085,8.253049242424243,2.0735828077424987
1.999069643806486,0.20688608573776301,8.272040404040405,2.1507287226330325
2.0070659223817118,0.1001860712386903,9.25304013822433,2.480679691653395
2.015062200956938,0.6039151139881788,9.980130987897553,1.7200885448916412
2.023058479532164,0.5930025455796352,9.996970209838322,1.7314714826281392
2.03105475810739,0.5820899771710916,10.013809431779093,1.7428544203646372
2.039051036682616,0.571177408762548,10.030648653719862,1.7542373581011352
2.0470473152578417,0.5602648403540045,10.047487875660632,1.7656202958376332
2.0550435938330676,0.5493522719454609,10.064327097601401,1.7770032335741313
2.0630398724082935,0.5384397035369173,10.081166319542172,1.7883861713106293
2.0710361509835193,0.5275271351283737,10.09800554148294,1.7997691090471273
2.0790324295587452,0.5166145667198302,10.114844763423712,1.8111520467836253
2.0870287081339716,0.505701998311286,10.131683985364482,1.822534984520124
2.0950249867091975,0.49478942990274244,10.148523207305251,1.8339179222566222
2.1030212652844233,0.4131259968102023,10.849674463937625,2.1531892610313594
2.1110175438596492,2.100037728730428,10.700113186191283,2.500018864365214
2.119013822434875,2.1172340267416665,10.751702080224998,2.5086170133708334
2.127010101010101,2.134430324752905,10.803290974258715,2.5172151623764525
2.135006379585327,2.1516266227641436,10.85487986829243,2.5258133113820715
2.143002658160553,2.1688229207753817,10.906468762326146,2.534411460387691
2.150998936735779,2.186019218786621,10.958057656359864,2.5430096093933106
2.158995215311005,2.2032155167978598,11.00964655039358,2.55160775839893
2.166991493886231,2.2204118148090983,11.061235444427295,2.560205907404549
2.174987772461457,2.237608112820337,11.11282433846101,2.5688040564101686
2.1829840510366827,2.254804410831575,11.164413232494725,2.5774022054157877
2.1909803296119086,2.2720007088428136,11.216002126528442,2.5860003544214067
2.1989766081871345,2.289197006854052,11.267591020562158,2.5945985034270262
2.2069728867623604,2.394577352472102,12.5,2.7972886762360507
2.2149691653375867,2.895540263665633,11.495540263665633,2.6910805273312657
2.2229654439128126,2.8865556809968393,11.48655568099684,2.6731113619936795
2.2309617224880385,2.8775710983280463,11.477571098328047,2.6551421966560933
2.2389580010632644,2.868586515659253,11.468586515659254,2.6371730313185067
2.2469542796384903,2.85960193299046,11.459601932990461,2.6192038659809205
2.254950558213716,2.850617350321667,11.450617350321668,2.6012347006433343
2.262946836788942,2.841632767652874,11.441632767652875,2.583265535305748
2.270943115364168,2.8326481849840808,11.432648184984082,2.5652963699681615
2.2789393939393943,2.823663602315287,11.423663602315287,2.5473272046305744
2.28693567251462,2.8146790196464937,11.414679019646494,2.529358039292988
2.294931951089846,2.8056944369777006,11.4056944369777,2.5113888739554016
2.302928229665072,2.414354066985602,11.214354066985601,1.8287081339712035
2.310924508240298,2.195911970583023,10.18364788233209,1.604088029416977
2.3189207868155237,2.1875825137338296,10.150330054935317,1.6124174862661707
2.3269170653907496,2.1792530568846358,10.117012227538543,1.6207469431153643
2.3349133439659755,2.1709236000354424,10.083694400141768,1.6290763999645579
2.3429096225412014,2.1625941431862485,10.050376572744995,1.6374058568137515
2.3509059011164277,2.1542646863370547,10.017058745348217,1.6457353136629456
2.3589021796916536,2.145935229487861,9.983740917951444,1.6540647705121392
2.3668984582668795,2.1376057726386675,9.950423090554668,1.6623942273613328
2.3748947368421054,2.1292763157894736,9.917105263157895,1.6707236842105264
2.3828910154173313,2.1209468589402802,9.88378743576112,1.67905314105972
2.390887293992557,2.1126174020910864,9.850469608364346,1.6873825979089137
2.398883572567783,2.1042879452418926,9.81715178096757,1.6957120547581073
2.406879851143009,1.712014885699109,9.343992557150447,1.9
2.4148761297182353,0.6706705925653348,10.076736678526155,0.9851932278248006
2.422872408293461,0.760035595982969,10.118563366458105,0.8847564540722384
2.430868686868687,0.8494005994006033,10.160390054390056,0.7843196803196759
2.438864965443913,0.9387656028182375,10.202216742322006,0.6838829065671136
2.446861244019139,1.0281306062358717,10.244043430253956,0.5834461328145513
2.4548575225943647,1.1174956096535058,10.285870118185908,0.48300935906198894
2.4628538011695906,1.2068606130711401,10.327696806117858,0.3825725853094266
2.4708500797448165,1.2962256164887744,10.36952349404981,0.2821358115568643
2.478846358320043,1.3855906199064134,10.411350181981764,0.1816990378042963
2.4868426368952687,1.474955623324048,10.453176869913714,0.08126226405173398
2.4948389154704946,1.564320626741682,10.495003557845665,-0.019174509700828457
2.5028351940457205,0.8082185007974046,11.476373737373777,0.007821371610835334
2.5108314726209464,0.2073781847907485,11.211209657411695,0.6229739385936328
2.5188277511961723,0.1455574934403462,11.157385244636519,0.7272694860317943
2.526824029771398,0.08373680208994386,11.103560831861342,0.8315650334699556
2.534820308346624,0.021916110739541528,11.049736419086166,0.9358605809081171
2.5428165869218504,-0.03990458061086427,10.995912006310986,1.0401561283462841
2.5508128654970763,-0.10172527196126657,10.94208759353581,1.1444516757844456
2.558809144072302,-0.16354596331166893,10.888263180760633,1.248747223222607
2.566805422647528,-0.22536665466207123,10.834438767985457,1.3530427706607684
2.574801701222754,-0.28718734601247353,10.78061435521028,1.4573383180989299
2.58279797979798,-0.3490080373628759,10.726789942435104,1.5616338655370912
2.5907942583732058,-0.41082872871327825,10.672965529659928,1.6659294129752524
2.5987905369484317,-0.4726494200636806,10.619141116884752,1.770224960413414
2.6067868155236575,-0.2406973831886124,9.656931773879144,1.870317266229546
2.614783094098884,-0.08522996179667315,9.365899836801304,2.0185713437928823
2.6227793726741098,-0.1590560686423631,9.364877056983543,1.952927475489284
2.6307756512493357,-0.232882175488053,9.363854277165782,1.8872836071856858
2.6387719298245615,-0.306708282333743,9.36283149734802,1.8216397388820875
2.6467682083997874,-0.38053438917943294,9.36180871753026,1.755995870578489
2.6547644869750133,-0.4543604960251229,9.360785937712498,1.6903520022748908
2.662760765550239,-0.5281866028708128,9.359763157894736,1.6247081339712923
2.670757044125465,-0.6020127097165027,9.358740378076975,1.559064265667694
2.6787533227006914,-0.6758388165621968,9.357717598259214,1.493420397364092
2.6867496012759173,-0.7496649234078867,9.356694818441452,1.4277765290604938
2.6947458798511432,-0.8234910302535766,9.355672038623691,1.3621326607568953
2.702742158426369,-1.1057690058479515,9.239143806485913,1.6850781499202525
2.710738437001595,-1.332481658692142,8.276626794258268,2.214956937799015
2.718734715576821,-1.14751769357214,7.873331200694177,2.043101303415278
2.726730994152047,-1.141267728708745,7.865426833366942,2.030693284936479
2.7347272727272727,-1.13501776384535,7.857522466039708,2.0182852664576805
2.742723551302499,-1.1287677989819547,7.849618098712472,2.005877247978881
2.750719829877725,-1.1225178341185598,7.841713731385237,1.993469229500082
2.758716108452951,-1.1162678692551649,7.833809364058003,1.9810612110212833
2.7667123870281767,-1.11001790439177,7.825904996730768,1.9686531925424844
2.7747086656034026,-1.103767939528375,7.818000629403533,1.9562451740636855
2.7827049441786285,-1.09751797466498,7.810096262076298,1.9438371555848868
2.7907012227538543,-1.091268009801585,7.802191894749064,1.9314291371060879
2.7986975013290802,-1.08501804493819,7.794287527421829,1.919021118627289
2.8066937799043066,-0.9812025518341255,7.336521531100475,1.722449760765548
2.8146900584795325,-0.7655734936592411,7.378050463236746,1.5986149549904718
2.8226863370547584,-0.7516473905226118,7.410664498324464,1.5847786976805305
2.8306826156299842,-0.7377212873859824,7.443278533412183,1.570942440370589
2.83867889420521,-0.7237951842493531,7.475892568499902,1.5571061830606476
2.846675172780436,-0.7098690811127236,7.508506603587621,1.543269925750706
2.854671451355662,-0.6959429779760943,7.54112063867534,1.5294336684407648
2.862667729930888,-0.6820168748394649,7.5737346737630595,1.5155974111308232
2.8706640085061137,-0.6680907717028356,7.606348708850779,1.501761153820882
2.87866028708134,-0.6541646685662055,7.6389627439384995,1.4879248965109397
2.886656565656566,-0.640238565429576,7.671576779026219,1.4740886392009982
2.894652844231792,-0.6263124622929467,7.704190814113938,1.4602523818910569
2.9026491228070177,-0.6895087719298229,8.293105263157912,1.2622982456140304
2.9106454013822436,-0.5635897572213362,8.73246889952153,1.222490342016658
2.9186416799574695,-0.5044199260778198,9.146209368117265,1.0902995177337265
2.9266379585326954,-0.43607078301815094,9.23159820004557,0.9792083618136241
2.9346342371079213,-0.36772163995848206,9.316987031973875,0.8681172058935216
2.9426305156831476,-0.2993724968988094,9.402375863902185,0.7570260499734129
2.9506267942583735,-0.23102335383914058,9.487764695830489,0.6459348940533105
2.9586230728335994,-0.1626742107794717,9.573153527758794,0.5348437381332081
2.9666193514088253,-0.09432506771980281,9.658542359687099,0.42375258221310563
2.974615629984051,-0.025975924660133987,9.743931191615404,0.3126614262930032
2.982611908559277,0.042373218399534895,9.829320023543708,0.20157027037290076
2.990608187134503,0.11072236145920378,9.914708855472014,0.09047911445279833
2.998604465709729,0.17907150451887266,10.00009768740032,-0.02061204146730411
3.006600744284955,-1.1078116427432099,13.503162307283361,-0.36646820839979927
3.014597022860181,-0.7174731525783794,13.424184210526292,-0.664496544391295
3.022593301435407,-0.08984477015322279,13.001418084913084,-0.9119886136515103
3.030589580010633,0.11168169368569761,12.868011817037797,-1.0373986029515718
3.0385858585858587,0.313208157524618,12.73460554916251,-1.1628085922516331
3.0465821371610846,0.5147346213635384,12.60119928128722,-1.2882185815516947
3.0545784157363105,0.7162610852024588,12.467793013411933,-1.4136285708517562
3.0625746943115364,0.9177875490413793,12.334386745536646,-1.5390385601518175
3.0705709728867623,1.1193140128802996,12.200980477661359,-1.664448549451879
3.0785672514619886,1.3208404767192312,12.067574209786065,-1.7898585387519474
3.0865635300372145,1.5223669405581517,11.934167941910777,-1.9152685280520088
3.0945598086124404,1.7238934043970722,11.80076167403549,-2.0406785173520703
3.1025560871876663,2.052930622009569,10.611806485911748,-1.8869665071770334
3.110552365762892,1.0581132675065252,9.41511404404781,-2.040153605839591
3.118548644338118,1.030800136193394,9.373335734637921,-2.0713301077003035
3.126544922913344,1.0034870048802629,9.331557425228032,-2.1025066095610154
3.13454120148857,0.9761738735671318,9.289779115818146,-2.133683111421728
3.142537480063796,0.9488607422539991,9.248000806408255,-2.1648596132824416
3.150533758639022,0.921547610940868,9.206222496998366,-2.196036115143154
3.158530037214248,0.8942344796277368,9.164444187588478,-2.227212617003866
3.166526315789474,0.8669213483146057,9.12266587817859,-2.2583891188645784
3.1745225943646997,0.8396082170014745,9.080887568768702,-2.2895656207252904
3.1825188729399256,0.8122950856883434,9.039109259358813,-2.3207421225860028
3.1905151515151515,0.7849819543752122,8.997330949948926,-2.3519186244467147
3.1985114300903774,0.7576688230620812,8.955552640539038,-2.383095126307427
3.2065077086656038,0.4238761297182135,9.332556087187728,-2.557844231791548
3.2145039872408296,0.9416214201511691,9.294112890922959,-1.6690809583246653
3.2225002658160555,0.978039254097035,9.280727815916602,-1.6679510493955574
3.2304965443912814,1.014457088042901,9.267342740910246,-1.6668211404664492
3.2384928229665073,1.0508749219887668,9.25395766590389,-1.6656912315373413
3.246489101541733,1.0872927559346326,9.240572590897534,-1.6645613226082334
3.254485380116959,1.1237105898804984,9.227187515891178,-1.6634314136791253
3.262481658692185,1.1601284238263643,9.213802440884821,-1.6623015047500174
3.2704779372674113,1.1965462577722321,9.200417365878463,-1.6611715958209092
3.278474215842637,1.2329640917180982,9.187032290872107,-1.6600416868918013
3.286470494417863,1.269381925663964,9.173647215865751,-1.6589117779626932
3.294466772993089,1.3057997596098299,9.160262140859395,-1.6577818690335853
3.302463051568315,0.9588014354067894,9.202611376927134,0.3083479532164819
3.3104593301435408,1.6909524617996599,8.480995678345423,1.5211159129495293
3.3184556087187667,1.6654159592529707,8.478674178113906,1.523695357651215
3.3264518872939925,1.6398794567062815,8.476352677882389,1.526274802352901
3.3344481658692184,1.6143429541595924,8.474031177650872,1.5288542470545867
3.3424444444444448,1.588806451612902,8.471709677419355,1.5314336917562725
3.3504407230196707,1.5632699490662127,8.469388177187836,1.5340131364579583
3.3584370015948966,1.5377334465195236,8.46706667695632,1.5365925811596441
3.3664332801701224,1.5121969439728344,8.464745176724803,1.53917202586133
3.3744295587453483,1.4866604414261455,8.462423676493286,1.5417514705630158
3.3824258373205742,1.4611239388794561,8.460102176261769,1.5443309152647013
3.3904221158958,1.4355874363327672,8.457780676030252,1.5469103599663871
3.398418394471026,1.410050933786078,8.455459175798735,1.549489804668073
3.4064146730462523,1.074146730462523,8.971155236576294,1.2802270069112127
3.4144109516214782,1.154109516214781,9.12841538188907,1.1496211235158575
3.422407230196704,1.1285105269563107,9.566232022187634,0.7545486699589422
3.43040350877193,1.1468152610441773,9.56700274783344,0.7430841259775942
3.438399787347156,1.1651199951320437,9.567773473479244,0.7316195819962463
3.446396065922382,1.18342472921991,9.56854419912505,0.7201550380148984
3.4543923444976077,1.2017294633077766,9.569314924770854,0.7086904940335504
3.4623886230728336,1.220034197395643,9.57008565041666,0.6972259500522026
3.47038490164806,1.2383389314835105,9.570856376062464,0.6857614060708539
3.478381180223286,1.2566436655713769,9.571627101708268,0.674296862089506
3.4863774587985117,1.2749483996592434,9.572397827354074,0.6628323181081581
3.4943737373737376,1.2932531337471098,9.573168552999878,0.6513677741268101
3.5023700159489635,1.3115578678349764,9.573939278645684,0.6399032301454621
3.5103662945241894,1.2572925807785484,9.058202291925097,0.5894323232323185
3.5183625730994152,1.3291702404158565,9.04078817413905,0.4678888888888854
3.526358851674641,1.4010479000531646,9.023374056353003,0.3463454545454523
3.5343551302498675,1.4729255596904767,9.005959938566955,0.22480202020201245
3.5423514088250934,1.5448032193277847,8.988545820780907,0.10325858585857933
3.5503476874003193,1.6166808789650928,8.97113170299486,-0.01828484848485379
3.558343965975545,1.688558538602401,8.953717585208812,-0.13982828282828685
3.566340244550771,1.760436198239709,8.936303467422764,-0.26137171717172003
3.574336523125997,1.8323138578770168,8.918889349636718,-0.3829151515151531
3.582332801701223,1.904191517514325,8.90147523185067,-0.5044585858585862
3.5903290802764487,1.976069177151633,8.884061114064622,-0.6260020202020193
3.5983253588516746,2.047946836788941,8.866646996278575,-0.7475454545454525
3.606321637426901,1.1438802413836007,9.850016237402018,0.09591103645638907
3.614317916002127,1.1409029036162293,9.875281075027997,0.09369929982919895
3.6223141945773527,1.1379255658488578,9.900545912653977,0.0914875632020088
3.6303104731525786,1.1349482280814867,9.925810750279956,0.08927582657481867
3.6383067517278045,1.1319708903141152,9.951075587905937,0.08706408994762854
3.6463030303030304,1.128993552546744,9.976340425531916,0.08485235332043842
3.6542993088782563,1.1260162147793726,10.001605263157895,0.08264061669324828
3.662295587453482,1.1230388770120012,10.026870100783874,0.08042888006605814
3.6702918660287085,1.1200615392446298,10.052134938409855,0.07821714343886789
3.6782881446039344,1.1170842014772584,10.077399776035836,0.07600540681167775
3.6862844231791603,1.1141068637098872,10.102664613661815,0.07379367018448763
3.694280701754386,1.1111295259425158,10.127929451287795,0.0715819335572975
3.702276980329612,0.7894906964380293,11.426116427432369,0.18462413609782438
3.710273258904838,0.6379016480595677,12.054251727804298,0.6822995746943196
3.718269537480064,0.8318015518878934,11.7159032130889,0.651613837965699
3.7262658160552897,0.9195809245620024,11.648698534726327,0.5774910309481556
3.734262094630516,1.0073602972361162,11.581493856363752,0.5033682239306081
3.742258373205742,1.0951396699102252,11.514289178001178,0.4292454169130647
3.750254651780968,1.1829190425843341,11.447084499638606,0.35512260989552136
3.7582509303561937,1.270698415258443,11.379879821276033,0.280999802877978
3.7662472089314196,1.3584777879325522,11.312675142913461,0.20687699586043462
3.7742434875066455,1.446257160606661,11.245470464550888,0.13275418884289125
3.7822397660818714,1.5340365332807702,11.178265786188316,0.05863138182534777
3.7902360446570973,1.621815905954879,11.111061107825742,-0.015491425192195596
3.7982323232323236,1.709595278628993,11.043856429463165,-0.08961423220974307
3.8062286018075495,1.4277768917242577,11.367206273258912,0.05894258373205475
3.8142248803827754,1.3616743221690555,11.514337799043071,-0.013023923444979796
3.8222211589580013,1.4818251262626265,9.84558708798511,0.2856508439659757
3.830217437533227,1.4913207070707073,9.7651245348219,0.28974893673577895
3.838213716108453,1.500816287878788,9.68466198165869,0.2938470295055822
3.846209994683679,1.5103118686868688,9.60419942849548,0.29794512227538544
3.854206273258905,1.5198074494949496,9.52373687533227,0.3020432150451887
3.8622025518341307,1.5293030303030302,9.44327432216906,0.306141307814992
3.870198830409357,1.5387986111111116,9.362811769005845,0.3102394005847955
3.878195108984583,1.5482941919191922,9.282349215842634,0.31433749335459876
3.886191387559809,1.557789772727273,9.201886662679424,0.31843558612440204
3.8941876661350348,1.5672853535353537,9.121424109516214,0.3225336788942053
3.9021839447102606,1.0027360446570668,9.694708399787421,-0.4521701222754382
3.9101802232854865,0.3041530103668263,10.021570607389688,0.016083466241361442
3.9181765018607124,0.2776653375863904,10.028400762006026,-0.09852986000354343
3.9261727804359383,0.25117766480595455,10.035230916622364,-0.21314318624844825
3.9341690590111646,0.2246899920255172,10.042061071238704,-0.32775651249335946
3.9421653375863905,0.19820231924508136,10.048891225855042,-0.44236983873826435
3.9501616161616164,0.1717146464646455,10.05572138047138,-0.5569831649831692
3.9581578947368423,0.14522697368420964,10.062551535087719,-0.6715964912280741
3.966154173312068,0.11873930090377377,10.06938168970406,-0.786209817472979
3.974150451887294,0.0922516281233379,10.076211844320397,-0.9008231437178839
3.98214673046252,0.06576395534290203,10.083041998936736,-1.0154364699627885
3.990143009037746,0.03927628256246618,10.089872153553074,-1.1300497962076934
3.998139287612972,0.012788609782028837,10.096702308169414,-1.2446631224526046
4.006135566188198,-0.7199824561403536,10.05978787878784,-0.5486961722487981
4.0141318447634236,-0.7790690712795951,9.373300249458143,-0.04484280047438474
4.02212812333865,-0.821247243984086,9.358186404239035,0.04733408112355468
4.030124401913876,-0.8634254166885769,9.343072559019927,0.1395109627214941
4.038120680489102,-0.9056035893930631,9.327958713800818,0.2316878443194233
4.046116959064328,-0.9477817620975539,9.31284486858171,0.32386472591736276
4.0541132376395534,-0.9899599348020401,9.297731023362601,0.41604160751529196
4.06210951621478,-1.032138107506531,9.282617178143493,0.5082184891132314
4.070105794790005,-1.074316280211017,9.267503332924385,0.6003953707111606
4.078102073365232,-1.116494452915508,9.252389487705276,0.6925722523091
4.086098351940457,-1.1586726256199942,9.23727564248617,0.7847491339070292
4.094094630515683,-1.2008507983244852,9.22216179726706,0.8769260155049686
4.10209090909091,-1.147999999999992,9.204090909090874,1.1347272727272784
4.110087187666135,-1.076627503101187,8.753307637781322,1.1035727449937973
4.1180834662413615,-1.0641601870430384,8.753909508211715,1.0890418731743
4.126079744816587,-1.0516928709848912,8.754511378642109,1.0745110013548043
4.134076023391813,-1.0392255549267426,8.755113249072503,1.0599801295353068
4.142072301967039,-1.0267582388685954,8.755715119502895,1.0454492577158112
4.150068580542265,-1.0142909228104466,8.756316989933289,1.0309183858963138
4.1580648591174905,-1.0018236067522996,8.756918860363681,1.0163875140768182
4.166061137692717,-0.989356290694151,8.757520730794075,1.0018566422573207
4.174057416267943,-0.9768889746360023,8.75812260122447,0.9873257704378234
4.182053694843169,-0.9644216585778551,8.758724471654862,0.9727948986183277
4.190049973418395,-0.9519543425197066,8.759326342085256,0.9582640267988304
4.19804625199362,-0.9394870264615593,8.759928212515648,0.9437331549793347
4.206042530568847,-1.0417172683775615,8.977678217582536,0.7870643274853709
4.214038809144072,-1.3024292687642032,9.094102798318117,0.671237446232662
4.2220350877192985,-1.2029649122807071,8.96470175438597,0.6658596491227972
4.230031366294525,-1.1369320684631683,8.90249614394112,0.7728198595662713
4.23802764486975,-1.1262357477716332,8.916411745617486,0.7765583794196235
4.246023923444977,-1.1155394270800965,8.930327347293854,0.780296899272976
4.254020202020202,-1.104843106388561,8.94424294897022,0.7840354191263281
4.262016480595428,-1.0941467856970246,8.958158550646589,0.7877739389796807
4.270012759170654,-1.0834504650054892,8.972074152322955,0.7915124588330329
4.27800903774588,-1.0727541443139528,8.985989753999323,0.7952509786863855
4.286005316321106,-1.0620578236224174,8.99990535567569,0.7989894985397377
4.294001594896332,-1.051361502930881,9.013820957352058,0.8027280183930903
4.301997873471558,-1.009070175438564,9.513960127592187,0.5605231259965693
4.309994152046784,-0.5382929061784897,9.180015255530128,0.24069819476226811
4.31799043062201,-0.5390751508217184,9.233468639484087,0.23722155190347405
4.3259867091972355,-0.5398573954649469,9.28692202343804,0.23374490904468034
4.333982987772462,-0.5406396401081757,9.340375407392,0.23026826618588628
4.341979266347687,-0.5414218847514042,9.393828791345952,0.2267916233270926
4.349975544922914,-0.5422041293946329,9.447282175299911,0.22331498046829854
4.357971823498139,-0.5429863740378614,9.500735559253863,0.21983833760950483
4.365968102073365,-0.5437686186810902,9.554188943207823,0.21636169475071076
4.373964380648592,-0.5445508633243188,9.60764232716178,0.2128850518919167
4.381960659223817,-0.5453331079675474,9.661095711115735,0.20940840903312302
4.3899569377990435,-0.546115352610776,9.714549095069692,0.20593176617432896
4.397953216374269,-0.5468975972540047,9.768002479023647,0.20245512331553528
4.405949494949495,-1.712494949495004,13.09951178451188,0.05295286195286
4.413945773524721,0.4398930001772147,9.661132394116603,-0.4975842636895285
4.421942052099947,0.5834706243723886,9.607201937503687,-0.5588890660995967
4.429938330675173,0.7270482485675624,9.553271480890773,-0.6201938685096646
4.437934609250399,0.8706258727627204,9.499341024277864,-0.6814986709197259
4.445930887825625,1.0142034969578941,9.445410567664949,-0.7428034733297939
4.453927166400851,1.1577811211530522,9.39148011105204,-0.8041082757398552
4.461923444976077,1.301358745348226,9.337549654439124,-0.8654130781499233
4.469919723551302,1.4449363695433841,9.283619197826216,-0.9267178805599845
4.477916002126529,1.588513993738558,9.229688741213302,-0.9880226829700526
4.485912280701754,1.7320916179337158,9.175758284600393,-1.0493274853801138
4.4939085592769805,1.8756692421288896,9.121827827987477,-1.1106322877901817
4.501904837852207,2.016270955165699,8.997993620414633,-1.1092016657805837
4.509901116427432,0.9563795853268721,8.451625199362113,-1.2813205741627103
4.517897395002659,0.8979898989898963,8.549358024691365,-1.3413148443499365
4.525893673577884,0.8676040404040396,8.623634567901238,-1.3912471616752333
4.53388995215311,0.8372181818181795,8.697911111111118,-1.4411794790005357
4.541886230728336,0.8068323232323228,8.77218765432099,-1.4911117963258322
4.549882509303562,0.7764464646464626,8.846464197530869,-1.5410441136511346
4.5578787878787885,0.7460606060606025,8.920740740740749,-1.590976430976437
4.565875066454014,0.7156747474747458,8.995017283950622,-1.6409087483017337
4.57387134502924,0.6852888888888856,9.069293827160502,-1.690841065627036
4.581867623604466,0.6549030303030289,9.143570370370373,-1.7407733829523329
4.589863902179692,0.6245171717171687,9.217846913580253,-1.790705700277635
4.5978601807549175,0.594131313131312,9.292123456790126,-1.8406380176029318
4.605856459330144,1.1268803827751193,9.997066985645933,-2.1435119617224885
4.613852737905369,1.4143724082934566,9.839116450546658,-2.037518826711045
4.621849016480596,1.5163249601275925,9.78557615052123,-2.076631058872478
4.629845295055822,1.6182775119617288,9.732035850495802,-2.1157432910339113
4.637841573631047,1.7202300637958536,9.678495550470378,-2.1548555231953403
4.645837852206274,1.8221826156299898,9.62495525044495,-2.193967755356774
4.653834130781499,1.9241351674641147,9.571414950419527,-2.233079987518203
4.6618304093567255,2.0260877192982507,9.517874650394099,-2.272192219679636
4.669826687931951,2.1280402711323756,9.464334350368675,-2.311304451841065
4.677822966507177,2.229992822966512,9.410794050343247,-2.3504166840024983
4.685819245082403,2.331945374800637,9.357253750317824,-2.3895289161639273
4.693815523657629,2.433897926634773,9.303713450292395,-2.4286411483253607
4.701811802232855,2.4437639553428867,9.053053588516686,-2.2419901116426835
4.709808080808081,1.9547979797979824,8.569601641414144,-2.573001262626258
4.717804359383307,1.7548910154173243,8.43516420786815,-2.8958510101010213
4.725800637958533,1.5903965975544936,8.32730269005848,-3.1548591387559797
4.733796916533759,1.5477497784866199,8.310883664717348,-3.194200829346093
4.7417931951089844,1.505102959418751,8.29446463937622,-3.2335425199362025
4.749789473684211,1.4624561403508773,8.278045614035086,-3.272884210526316
4.757785752259437,1.4198093212830036,8.261626588693955,-3.3122259011164292
4.765782030834663,1.3771625022151346,8.245207563352826,-3.351567591706538
4.773778309409889,1.3345156831472609,8.228788538011695,-3.390909282296652
4.781774587985114,1.291868864079392,8.212369512670566,-3.430250972886761
4.789770866560341,1.2492220450115181,8.195950487329434,-3.4695926634768743
4.797767145135566,1.2065752259436493,8.179531461988304,-3.5089343540669837
4.8057634237107925,0.7354864433811426,8.990874800637902,-5.950558479532331
4.813759702286018,0.17795749254559495,8.42462522825509,-6.319032348658207
4.821755980861244,0.15188267110463943,8.43601123361764,-6.314338880798836
4.829752259436471,0.12580784966368386,8.44739723898019,-6.309645412939464
4.837748538011696,0.09973302822273122,8.45878324434274,-6.3049519450800915
4.845744816586922,0.07365820678177568,8.470169249705291,-6.30025847722072
4.853741095162148,0.04758338534082304,8.481555255067839,-6.295565009361348
4.861737373737374,0.021508563899867494,8.49294126043039,-6.290871541501977
4.8697336523126,-0.004566257541085167,8.50432726579294,-6.2861780736426045
4.877729930887826,-0.030641078982040687,8.51571327115549,-6.281484605783233
4.885726209463051,-0.05671590042299335,8.52709927651804,-6.276791137923861
4.893722488038278,-0.08279072186394887,8.53848528188059,-6.27209767006449
4.901718766613504,0.4593833067521542,8.647076023391705,-5.653105794789822
4.9097150451887295,1.9541425333669116,8.755306108173146,-4.820232714961247
4.917711323763956,2.0298967514480033,8.811700914966847,-4.8163608327037695
4.925707602339181,2.105650969529087,8.868095721760543,-4.8124889504462915
4.933703880914408,2.1814051876101788,8.924490528554244,-4.808617068188814
4.941700159489633,2.257159405691262,8.980885335347939,-4.804745185931336
4.949696438064859,2.332913623772354,9.037280142141642,-4.800873303673858
4.957692716640086,2.4086678418534455,9.093674948935343,-4.79700142141638
4.965688995215311,2.484422059934529,9.150069755729039,-4.793129539158902
4.9736852737905375,2.5601762780156205,9.20646456252274,-4.789257656901424
4.981681552365763,2.6359304960967043,9.262859369316436,-4.785385774643946
4.989677830940989,2.711684714177796,9.319254176110137,-4.781513892386468
4.997674109516215,2.7874389322588793,9.375648982903833,-4.777642010128991
5.005670388091441,2.4333798511430116,8.874018407761811,-4.961334064327467
5.0136666666666665,4.187821705426358,7.621612403100775,-3.828558139534883
5.021662945241893,4.0417501514533285,7.700924328969007,-3.8952247876562467
5.029659223817119,3.895678597480299,7.780236254837241,-3.96189143577761
5.037655502392345,3.749607043507286,7.859548180705465,-4.028558083898966
5.045651780967571,3.6035354895342566,7.9388601065736975,-4.09522473202033
5.053648059542796,3.4574639355612433,8.018172032441923,-4.161891380141686
5.061644338118023,3.311392381588214,8.097483958310155,-4.228558028263049
5.069640616693248,3.1653208276152007,8.176795884178379,-4.2952246763844055
5.0776368952684745,3.0192492736421714,8.256107810046613,-4.361891324505769
5.085633173843701,2.873177719669142,8.335419735914845,-4.428557972627132
5.093629452418926,2.727106165696129,8.414731661783069,-4.4952246207484885
5.101625730994153,4.517274853801972,8.855935672514718,-4.071725146198949
5.109622009569378,6.26735519884756,11.477864896846222,-0.2682757112723113
5.117618288144604,6.316708574139818,11.508474307306228,-0.0988921758616029
5.12561456671983,6.366061949432069,11.539083717766232,0.0704913595490867
5.133610845295056,6.415415324724326,11.569693128226238,0.2398748949597952
5.141607123870282,6.464768700016577,11.60030253868624,0.4092584303704848
5.149603402445508,6.514122075308835,11.630911949146247,0.5786419657811932
5.157599681020734,6.563475450601092,11.661521359606253,0.7480255011919017
5.16559595959596,6.612828825893343,11.692130770066255,0.9174090366025913
5.173592238171186,6.662182201185601,11.722740180526262,1.0867925720132996
5.1815885167464115,6.711535576477853,11.753349590986264,1.2561761074239892
5.189584795321638,6.760888951770109,11.78395900144627,1.4255596428346977
5.197581073896863,6.810242327062362,11.814568411906274,1.5949431782453873
5.20557735247209,3.6995215311004213,11.378229027113212,1.340394577352427
5.213573631047315,2.883678262153696,9.528586531986532,3.97201887884695
5.221569909622541,2.626109244491685,9.54884377104377,4.017508819186015
5.229566188197768,2.3685402268296745,9.569101010101011,4.0629987595250805
5.237562466772993,2.1109712091676927,9.589358249158249,4.10848869986414
5.2455587453482195,1.8534021915056822,9.60961548821549,4.153978640203205
5.253555023923445,1.5958331738437002,9.629872727272726,4.199468580542265
5.261551302498671,1.3382641561816897,9.650129966329967,4.24495852088133
5.269547581073897,1.0806951385197077,9.670387205387204,4.2904484612203895
5.277543859649123,0.823126120857697,9.690644444444445,4.335938401559455
5.285540138224349,0.5655571031956863,9.710901683501683,4.38142834189852
5.293536416799575,0.3079880855337045,9.73115892255892,4.42691828223758
5.301532695374801,0.7341355661888613,5.241505582135342,6.192816586922127
5.309528973950027,2.507676236044643,0.1373918128655106,9.087076023391807
5.317525252525253,3.9086242424243265,-1.2171777777778596,9.632422222222255
5.325521531100478,4.382455083732058,-1.2209752392344495,9.878348624401914
5.333517809675705,4.646632137161097,-0.9193156299840363,10.056565683147271
5.34151408825093,4.910809190590108,-0.6176560207336567,10.234782741892609
5.3495103668261565,5.174986244019148,-0.3159964114832434,10.412999800637966
5.357506645401383,5.439163297448188,-0.014336802232830292,10.591216859383321
5.365502923976608,5.703340350877197,0.28732280701754953,10.769433918128659
5.373499202551835,5.967517404306237,0.5889824162679624,10.947650976874016
5.38149548112706,6.231694457735248,0.8906420255183423,11.125868035619352
5.3894917597022864,6.495871511164287,1.1923016347687554,11.304085094364709
5.397488038277512,6.760048564593298,1.4939612440191352,11.482302153110046
5.405484316852738,8.17464274322251,0.7924465709727981,6.809998936734874
5.413480595427964,7.25852132662659,1.3112122030016768,2.2978454995297097
5.42147687400319,7.152372925320289,1.309806263911527,1.9584869516448302
5.429473152578416,7.046224524013987,1.3084003248213774,1.6191284037599507
5.437469431153642,6.940076122707699,1.3069943857312278,1.279769855875109
5.445465709728868,6.833927721401397,1.305588446641078,0.9404113079902292
5.453461988304094,6.727779320095109,1.3041825075509286,0.6010527601053874
5.46145826687932,6.621630918788807,1.302776568460779,0.2616942122205077
5.469454545454545,6.515482517482518,1.3013706293706295,-0.07766433566433406
5.477450824029772,6.409334116176217,1.2999646902804798,-0.4170228835492136
5.485447102604998,6.303185714869916,1.29855875119033,-0.7563814314340931
5.4934433811802235,6.197037313563627,1.2971528121001805,-1.0957399793189349
5.50143965975545,5.502874914558858,0.9465740107843832,-1.8996814764185501
5.509435938330675,2.2354997341839544,2.7134752791067345,-13.182488569909413
5.517432216905902,-2.958637481896988,4.021271077379926,-21.157243102531602
5.525428495481127,-2.7505504164451455,3.610979266347672,-20.505500443026737
5.533424774056353,-2.5424633509932804,3.2006874553153724,-19.8537577835218
5.541421052631579,-2.334376285541438,2.7903956442831177,-19.202015124016935
5.549417331206805,-2.126289220089572,2.3801038332508178,-18.550272464512
5.5574136097820315,-1.918202154637707,1.9698120222185178,-17.89852980500706
5.565409888357257,-1.7101150891858647,1.5595202111862636,-17.246787145502196
5.573406166932483,-1.5020280237339994,1.1492284001539637,-16.595044485997256
5.581402445507709,-1.2939409582821568,0.738936589121709,-15.943301826492393
5.589398724082935,-1.0858538928302917,0.32864477808940906,-15.291559166987454
5.5973950026581605,-0.8777668273784491,-0.08164703294284514,-14.63981650748259
5.605391281233387,0.7305740445390808,5.6683991966452725,-10.42142058006938
5.613387559808613,-47.48716006959531,-9.75923531970417,-23.67488777729457
5.621383838383839,-42.80691398836863,-8.319824405672922,-26.396045607591006
5.629380116959065,-38.126667907141425,-6.880413491641511,-29.117203437887742
5.63737639553429,-33.44642182591474,-5.441002577610262,-31.83836126818418
5.645372674109517,-28.76617574468754,-4.001591663578853,-34.55951909848092
5.653368952684742,-24.085929663460856,-2.562180749547603,-37.28067692877735
5.6613652312599685,-19.405683582233653,-1.1227698355161948,-40.001834759074086
5.669361509835194,-14.725437501006965,0.31664107851505463,-42.72299258937053
5.67735778841042,-10.045191419779762,1.756051992546464,-45.44415041966727
5.685354066985647,-5.364945338552559,3.1954629065778732,-48.165308249964
5.693350345560872,-0.6846992573258746,4.634873820609123,-50.88646608026043
5.701346624136098,3.9955468239013285,6.074284734640532,-53.60762391055718
5.709342902711324,8.675792905128013,7.513695648671781,-56.328781740853614
5.71733918128655,1.75988401559384,33.9152826510722,-28.11535867446342
5.725335459861776,-5.19754470139997,34.6056280347333,-22.984413255360618
5.733331738437002,-6.559151607609293,38.447111897002095,-10.521385895568985
5.741328017012227,-4.442687323270997,34.15612339258365,-7.932677622911215
5.749324295587454,-2.326223038932466,29.865134888164725,-5.343969350253158
5.75732057416268,-0.20975875459393478,25.574146383745806,-2.755261077595099
5.7653168527379055,1.9067055297443618,21.28315787932736,-0.1665528049373286
5.773313131313132,4.023169814082892,16.992169374908435,2.422155467720728
5.781309409888357,6.1396340984211895,12.701180870489988,5.010863740378499
5.789305688463584,8.25609838275972,8.410192366071065,7.599572013036555
5.797301967038809,10.372562667098016,4.119203861652622,10.188280285694328
5.805298245614035,3.298999999999083,-14.82470175438404,7.600105263155838
5.813294524189262,-4.68552934200298,14.109576984419087,-6.3748172821330105
5.821290802764487,-3.99758577095419,14.078997809208335,-5.450939557518503
5.8292870813397135,-3.3096421999053236,14.04841863399758,-4.527061832903893
5.837283359914939,-2.621698628856534,14.017839458786828,-3.603184108289386
5.845279638490165,-1.9337550578076677,13.987260283576072,-2.679306383674776
5.853275917065391,-1.2458114867588774,13.95668110836532,-1.7554286590602688
5.861272195640617,-0.5578679157100108,13.926101933154564,-0.8315509344456595
5.8692684742158425,0.13007565533877852,13.895522757943812,0.09232679016884848
5.877264752791069,0.8180192263876451,13.864943582733057,1.0162045147834577
5.885261031366295,1.5059627974365117,13.834364407522301,1.940082239398068
5.893257309941521,2.193906368485301,13.803785232311549,2.863959964012576
5.901253588516747,4.298684210524269,17.563066985642926,-13.941727272727213
5.909249867091972,2.454221424774173,2.00101143009024,-5.472894471025771
5.917246145667199,1.895990785043416,3.042470317207177,-7.361179337231995
5.925242424242424,1.8805313131313133,3.4843979797979707,-8.00914444444443
5.9332387028176505,1.865071841219209,3.9263256423888135,-8.657109551656939
5.941234981392876,1.8496123693071065,4.368253304979607,-9.305074658869376
5.949231259968102,1.8341528973950023,4.81018096757045,-9.953039766081885
5.957227538543329,1.818693425482898,5.252108630161294,-10.601004873294393
5.965223817118554,1.8032339535707955,5.694036292752086,-11.248969980506828
5.97322009569378,1.7877744816586911,6.1359639553429295,-11.896935087719338
5.981216374269006,1.7723150097465887,6.577891617933723,-12.544900194931774
5.989212652844232,1.7568555378344843,7.019819280524565,-13.192865302144282
5.997208931419458,1.741396065922382,7.46174694311536,-13.840830409356718
6.005205209994684,2.303465709728476,2.2800696438065846,-8.786351940458824
6.01320148856991,0.7041014781684113,3.2584576947970314,-14.65384212837748
6.021197767145136,0.7003640870952081,4.000460196935067,-13.71236724221616
6.029194045720362,0.6966266960220046,4.742462699073185,-12.770892356054734
6.0371903242955876,0.6928893049488014,5.48446520121122,-11.829417469893412
6.045186602870814,0.6891519138755978,6.226467703349337,-10.887942583731988
6.053182881446039,0.6854145228023947,6.968470205487373,-9.946467697570666
6.061179160021266,0.6816771317291911,7.710472707625491,-9.004992811409242
6.069175438596491,0.6779397406559878,8.452475209763527,-8.063517925247918
6.0771717171717174,0.6742023495827842,9.194477711901644,-7.122043039086494
6.085167995746944,0.6704649585095807,9.936480214039761,-6.180568152925067
6.093164274322169,0.6667275674363775,10.678482716177797,-5.2390932667637475
6.101160552897396,-0.7130230964616108,14.99405517159858,-5.448046311064199
6.109156831472621,0.43133321519283196,8.72141886703308,-10.231597849843329
6.117153110047847,12.554816324233025,-5.796103067830027,-10.37631567689277
6.125149388623073,12.318502773868715,-6.1412600806829944,-10.407548200268945
6.133145667198299,12.082189223504379,-6.486417093536,-10.438780723645122
6.141141945773525,11.84587567314007,-6.831574106388967,-10.470013247021297
6.149138224348751,11.609562122775733,-7.176731119241971,-10.501245770397475
6.157134502923977,11.373248572411397,-7.521888132094976,-10.532478293773654
6.165130781499203,11.136935022047087,-7.8670451449479435,-10.563710817149827
6.173127060074429,10.90062147168275,-8.212202157800949,-10.594943340526006
6.1811233386496545,10.664307921318441,-8.557359170653916,-10.62617586390218
6.189119617224881,10.427994370954107,-8.90251618350692,-10.657408387278359
6.197115895800106,10.191680820589795,-9.247673196359887,-10.688640910654533
6.205112174375333,7.377881313131105,-7.9445925039871375,-9.815846889952088
6.213108452950559,2.4626603420777533,-6.141614970026932,-2.6741183706391927
6.221104731525784,2.3664292654310755,-6.00898703917578,-2.2565655710156416
6.229101010101011,2.270198188784387,-5.876359108324614,-1.8390127713920439
6.237097288676236,2.173967112137709,-5.743731177473461,-1.421459971768493
6.2450935672514625,2.0777360354910206,-5.611103246622294,-1.0039071721448956
6.253089845826688,1.9815049588443425,-5.478475315771142,-0.5863543725213445
6.261086124401914,1.8852738821976538,-5.345847384919976,-0.16880157289774722
6.26908240297714,1.789042805550976,-5.213219454068823,0.24875122672580385
6.277078681552366,1.6928117289042872,-5.080591523217656,0.6663040263494016
6.285074960127592,1.5965806522575985,-4.94796359236649,1.0838568259729988
6.293071238702818,1.5003495756109206,-4.815335661515338,1.5014096255965503
6.301067517278044,1.0961919191910217,-1.0785451887291975,6.233154173311695
6.30906379585327,-11.175295587453341,1.6294157363104422,-2.9334834307990887
6.317060074428496,-13.828029621290227,4.771105407011326,-6.689048684992364
6.325056353003721,-12.9910544391281,5.175058585858597,-6.964873258904846
6.333052631578948,-12.154079256965879,5.579011764705914,-7.240697832817359
6.341048910154174,-11.317104074803659,5.98296494355323,-7.516522406729872
6.3490451887293995,-10.480128892641531,6.386918122400502,-7.792346980642355
6.357041467304626,-9.64315371047931,6.790871301247819,-8.068171554554867
6.365037745879851,-8.806178528317183,7.19482448009509,-8.343996128467351
6.373034024455078,-7.969203346154963,7.5987776589424065,-8.619820702379863
6.381030303030303,-7.132228163992836,8.002730837789677,-8.895645276292345
6.389026581605529,-6.2952529818306155,8.406684016636994,-9.17146985020486
6.397022860180755,-5.458277799668489,8.810637195484265,-9.447294424117342
6.405019138755981,-5.685547049441727,0.9166690590111529,-22.878635566188102
6.4130154173312075,-0.4770280315112743,1.0808656903968137,-11.456824271422319
6.421011695906433,-0.3206462652844223,1.41198431685274,-10.89417703349282
6.429007974481659,-0.16426449905755286,1.7431029433087026,-10.33152979556326
6.437004253056885,-0.007882732830700734,2.074221569764629,-9.76888255763376
6.445000531632111,0.14849903339616866,2.4053401962205916,-9.206235319704199
6.4529968102073365,0.3048807996230207,2.736458822676518,-8.643588081774698
6.460993088782563,0.4612625658498901,3.067577449132481,-8.080940843845138
6.468989367357788,0.6176443320767422,3.398696075588407,-7.5182936059156384
6.476985645933015,0.7740260983036116,3.72981470204437,-6.955646367986076
6.484981924508241,0.9304078645304812,4.060933328500333,-6.3929991300565145
6.492978203083466,1.086789630757333,4.392051954956258,-5.830351892127016
6.500974481658693,0.2926555023921903,4.30255183413073,-4.353306928938314
6.508970760233918,-1.9416038986355442,3.2532943469784876,-1.7000592592592003
6.5169670388091445,-3.6725316675528052,1.4408045365939204,-0.17063771043763487
6.52496331738437,-0.040170381096210406,1.845285465457909,1.7673726811046209
6.532959595959596,2.239926368952852,2.02972594364701,0.005350611376798042
6.540955874534823,4.520023119001915,2.2141664218361106,-1.7566714583510246
6.548952153110048,6.800119869050724,2.3986069000251913,-3.5186935280786518
6.556948431685274,9.080216619099787,2.583047378214292,-5.280715597806474
6.5649447102605,11.360313369148596,2.7674878564033722,-7.042737667534101
6.572940988835726,13.640410119197659,2.9519283345924734,-8.804759737261925
6.580937267410952,15.920506869246468,3.1363688127815537,-10.56678180698955
6.588933545986178,18.200603619295528,3.3208092909706544,-12.328803876717373
6.596929824561403,20.480700369344337,3.505249769159735,-14.090825946445001
6.60492610313663,-2.135101010100687,-3.030037214247515,-14.565057416270314
6.612922381711856,-2.0483319120311485,-2.7230402846944033,-11.837619763694919
6.6209186602870815,-1.7155888096865628,-2.2416316765940953,-10.884430719656308
6.628914938862308,-1.3828457073419398,-1.7602230684937334,-9.931241675617592
6.636911217437533,-1.050102604997354,-1.2788144603934253,-8.978052631578983
6.64490749601276,-0.7173595026527313,-0.7974058522930636,-8.024863587540267
6.652903774587985,-0.38461640030814537,-0.31599724419275566,-7.071674543501656
6.660900053163211,-0.05187329796352236,0.16541136390760602,-6.11848549946294
6.668896331738437,0.28086980438106357,0.6468199720079144,-5.16529645542433
6.676892610313663,0.6136129067256864,1.128228580108276,-4.212107411385613
6.6848888888888895,0.9463560090703091,1.6096371882086373,-3.2589183673468973
6.692885167464115,1.279099111414895,2.091045796308946,-2.305729323308288
6.700881446039341,1.6118422137595179,2.5724544044093074,-1.3525402792695722
6.708877724614567,0.2687045897572191,-2.320945596314033,1.7490331384015279
6.716874003189793,-0.689613477834812,5.868501700582218,-7.208392190772703
6.7248702817650186,-1.0719897388597484,5.6615618646836126,-7.807438698974531
6.732866560340245,-1.4543659998847271,5.454622028784985,-8.406485207176425
6.740862838915471,-1.836742260909706,5.247682192886357,-9.00553171537832
6.748859117490697,-2.2191185219346425,5.040742356987752,-9.604578223580148
6.756855396065923,-2.6014947829596213,4.833802521089124,-10.203624731782043
6.7648516746411484,-2.983871043984558,4.626862685190519,-10.80267123998387
6.772847953216375,-3.3662473050095367,4.419922849291891,-11.401717748185764
6.7808442317916,-3.7486235660344733,4.212983013393286,-12.000764256387592
6.788840510366827,-4.130999827059452,4.006043177494658,-12.599810764589487
6.796836788942052,-4.513376088084389,3.799103341596053,-13.198857272791315
6.804833067517278,-0.7685855927697255,5.237900318979197,-11.606779638489844
6.812829346092505,0.08720602516393272,3.689371043771047,-7.6816449760765675
6.82082562466773,0.20510671037864586,3.721445005611674,-7.7919936204146785
6.8288219032429565,0.3230073955933721,3.7535189674523037,-7.902342264752802
6.836818181818182,0.44090808080808525,3.7855929292929305,-8.012690909090914
6.844814460393408,0.5588087660228115,3.8176668911335603,-8.123039553429036
6.852810738968634,0.6767094512375247,3.849740852974187,-8.233388197767148
6.86080701754386,0.7946101364522509,3.8818148148148173,-8.34373684210527
6.868803296119086,0.9125108216669772,3.913888776655447,-8.454085486443395
6.876799574694312,1.0304115068816904,3.945962738496074,-8.564434130781507
6.884795853269538,1.1483121920964166,3.9780367003367036,-8.67478277511963
6.892792131844764,1.2662128773111296,4.010110662177331,-8.785131419457741
6.90078841041999,1.2391853351326707,4.171921972764122,-8.896466732098324
6.908784688995215,0.9414777327935056,4.57604158998898,-9.009644828855361
6.916780967570442,0.6971329080276227,4.384236431298591,-8.729878836208938
6.924777246145667,0.4389532163742692,2.1663705475810757,-8.78332216905901
6.9327735247208935,0.41159086711995296,1.8627670611936507,-8.778180810878872
6.94076980329612,0.4111700103528358,1.8059513976328323,-8.76808024846806
6.948766081871345,0.4107491535857186,1.7491357340720204,-8.757979686057249
6.956762360446572,0.41032829681860145,1.692320070511202,-8.747879123646436
6.964758639021797,0.40990744005148433,1.63550440695039,-8.737778561235626
6.972754917597023,0.40948658328436716,1.5786887433895718,-8.727677998824813
6.980751196172249,0.40906572651725004,1.5218730798287599,-8.717577436414002
6.988747474747475,0.40864486975013287,1.4650574162679413,-8.70747687400319
6.996743753322701,0.40822401298301575,1.4082417527071294,-8.697376311592379
7.004740031897927,-1.19982535885162,2.0667065390750374,-10.12527432216923
7.012736310473153,-0.4410721448939146,2.326003679135862,-10.411927927601365
7.020732589048379,-0.4354384031704603,2.3786155574887657,-10.344504760523897
7.028728867623605,-0.4298046614470054,2.4312274358416754,-10.27708159344642
7.0367251461988305,-0.42417091972355114,2.483839314194579,-10.20965842636895
7.044721424774057,-0.4185371780000962,2.5364511925474886,-10.142235259291475
7.052717703349282,-0.41290343627664194,2.5890630709003926,-10.074812092214005
7.060713981924509,-0.407269694553187,2.641674949253302,-10.007388925136528
7.068710260499735,-0.4016359528297321,2.6942868276062115,-9.939965758059051
7.07670653907496,-0.3960022111062778,2.7468987059591154,-9.872542590981583
7.084702817650187,-0.3903684693828229,2.799510584312025,-9.805119423904106
7.092699096225412,-0.3847347276593686,2.8521224626649286,-9.737696256826636
7.1006953748006385,-0.5682153110047896,3.664743221690685,-9.137893141945716
7.108691653375864,-0.585346320346319,3.999804587225638,-8.80423239917977
7.11668793195109,-0.586044101300082,4.012440046396985,-8.766004132231405
7.124684210526316,-0.574140550239235,4.0069880382775125,-8.75046590909091
7.132680489101542,-0.5622369991783868,4.00153603015804,-8.734927685950414
7.140676767676768,-0.5503334481175385,3.9960840220385676,-8.719389462809916
7.148673046251994,-0.5384298970566915,3.9906320139190954,-8.703851239669422
7.15666932482722,-0.5265263459958432,3.9851800057996227,-8.688313016528925
7.164665603402446,-0.5146227949349963,3.979727997680151,-8.672774793388431
7.172661881977672,-0.502719243874148,3.9742759895606783,-8.657236570247933
7.180658160552897,-0.49081569281330106,3.9688239814412065,-8.64169834710744
7.188654439128124,-0.4789121417524528,3.963371973321734,-8.626160123966942
7.196650717703349,-0.46700859069160583,3.957919965202262,-8.610621900826448
7.2046469962785755,-0.5863080808080888,3.7496480595427855,-8.982247474747503
7.212643274853802,-0.6439456207568651,3.597822477650062,-9.271150030248034
7.220639553429027,-0.4831009367724448,3.562896203413445,-9.267014024088434
7.228635832004254,-0.32225625278800657,3.527969929176824,-9.262878017928834
7.236632110579479,-0.1614115688035862,3.493043654940207,-9.258742011769236
7.244628389154705,-0.0005668848191479059,3.4581173807035865,-9.254606005609636
7.252624667729931,0.1602777991652724,3.4231911064669696,-9.250469999450036
7.260620946305157,0.3211224831497107,3.3882648322303486,-9.246333993290436
7.2686172248803835,0.481967167134149,3.3533385579937276,-9.242197987130837
7.276613503455609,0.6428118511185694,3.3184122837571106,-9.238061980971237
7.284609782030835,0.8036565351030076,3.28348600952049,-9.233925974811637
7.292606060606061,0.964501219087428,3.248559735283873,-9.229789968652037
7.300602339181287,0.8839883040934758,2.5821461988302197,-9.155777777777818
7.3085986177565125,0.9050165365567028,2.444615154313215,-9.79982411371331
7.316594896331739,0.9067841349785949,2.4543790313103337,-9.80647365063376
7.324591174906964,0.9085517334004868,2.464142908307451,-9.813123187554211
7.332587453482191,0.910319331822379,2.4739067853045693,-9.819772724474664
7.340583732057417,0.9120869302442711,2.483670662301688,-9.826422261395114
7.348580010632642,0.913854528666163,2.4934345392988053,-9.833071798315565
7.356576289207869,0.9156221270880552,2.5031984162959238,-9.839721335236018
7.364572567783094,0.9173897255099471,2.5129622932930413,-9.846370872156468
7.3725688463583205,0.9191573239318394,2.5227261702901598,-9.853020409076919
7.380565124933546,0.9209249223537312,2.5324900472872773,-9.85966994599737
7.388561403508772,0.9226925207756234,2.542253924284396,-9.86631948291782
7.396557682083999,0.9244601191975156,2.5520178012815142,-9.872969019838273
7.404553960659224,1.1171438064859078,3.3137703349282575,-9.027460127591691
7.4125502392344504,1.1109743366681168,3.3927191532550394,-8.989025663331883
7.420546517809676,1.1141243858038117,3.408307857952196,-8.985875614196189
7.428542796384902,1.117274434939507,3.4238965626493547,-8.982725565060493
7.436539074960128,1.1204244840752018,3.4394852673465115,-8.979575515924799
7.444535353535354,1.123574533210897,3.45507397204367,-8.976425466789102
7.4525316321105795,1.126724582346592,3.470662676740827,-8.973275417653408
7.460527910685806,1.1298746314822872,3.4862513814379854,-8.970125368517714
7.468524189261032,1.1330246806179824,3.501840086135144,-8.966975319382017
7.476520467836258,1.1361747297536773,3.5174287908323008,-8.963825270246323
7.484516746411484,1.1393247788893726,3.5330174955294593,-8.960675221110627
7.492513024986709,1.1424748280250674,3.548606200226616,-8.957525171974932
7.500509303561936,1.1456248771607627,3.5641949049237747,-8.954375122839236
7.508505582137161,1.1774529505582267,3.4846060606060583,-9.071988835725678
7.5165018607123875,1.108874619399739,3.3932483930211204,-9.097377495046155
7.524498139287613,1.1072390169638975,3.386342516069789,-9.108099777681117
7.532494417862839,1.1056034145280558,3.3794366391184574,-9.118822060316079
7.540490696438066,1.103967812092214,3.372530762167125,-9.129544342951043
7.548486975013291,1.1023322096563724,3.3656248852157944,-9.140266625586003
7.556483253588517,1.1006966072205306,3.3587190082644627,-9.150988908220967
7.564479532163743,1.0990610047846892,3.3518131313131314,-9.161711190855927
7.572475810738969,1.0974254023488474,3.3449072543617997,-9.17243347349089
7.580472089314195,1.0957897999130057,3.3380013774104684,-9.183155756125851
7.588468367889421,1.094154197477164,3.3310955004591367,-9.193878038760815
7.596464646464647,1.0925185950413223,3.324189623507805,-9.204600321395777
7.604460925039873,1.0127296304001105,2.9309022259205304,-9.28727036959989
7.612457203615099,1.0057763446825225,2.8975264544761083,-9.294223655317477
7.6204534821903245,0.9988230589649354,2.86415068303169,-9.301176941035063
7.628449760765551,0.9940671167333027,2.8416711673330277,-9.309288719931834
7.636446039340776,0.9942861928586514,2.8438619285865143,-9.320023450073919
7.644442317916003,0.994505268984,2.846052689840001,-9.330758180216003
7.652438596491228,0.9947243451093487,2.848243451093487,-9.341492910358086
7.660434875066454,0.9949434212346974,2.850434212346974,-9.352227640500171
7.668431153641681,0.995162497360046,2.8526249736004607,-9.362962370642256
7.676427432216906,0.9953815734853947,2.854815734853947,-9.373697100784339
7.6844237107921325,0.9956006496107433,2.857006496107434,-9.384431830926424
7.692419989367358,0.995819725736092,2.85919725736092,-9.395166561068509
7.700416267942584,1.052650717703375,2.9063205741627,-9.441767145135584
7.70841254651781,1.0513203713751733,3.1116746685520424,-9.15013586214834
7.716408825093036,1.0531339603303793,3.121154792636074,-9.156565859353162
7.7244051036682615,1.054947549285585,3.130634916720104,-9.162995856557982
7.732401382243488,1.056761138240791,3.140115040804135,-9.169425853762805
7.740397660818714,1.0585747271959969,3.1495951648881664,-9.175855850967626
7.74839393939394,1.0603883161512027,3.1590752889721965,-9.182285848172446
7.756390217969166,1.0622019051064087,3.1685554130562275,-9.188715845377267
7.764386496544391,1.0640154940616144,3.1780355371402575,-9.195145842582088
7.772382775119618,1.0658290830168204,3.187515661224289,-9.201575839786909
7.780379053694843,1.0676426719720262,3.196995785308319,-9.20800583699173
7.7883753322700695,1.0694562609272322,3.20647590939235,-9.21443583419655
7.796371610845296,1.0712698498824382,3.2159560334763815,-9.220865831401373
7.804367889420521,1.076127060074429,3.2391637426900606,-9.205478468899518
7.812364167995748,1.09,3.302,-9.11
7.820360446570973,1.09,3.302,-9.11
7.828356725146199,1.09,3.302,-9.11
7.836353003721425,1.09,3.302,-9.11
7.844349282296651,1.09,3.302,-9.11
7.852345560871877,1.09,3.302,-9.11
7.860341839447103,1.09,3.302,-9.11
7.868338118022329,1.09,3.302,-9.11
7.876334396597555,1.09,3.302,-9.11
7.884330675172781,1.09,3.302,-9.11
7.8923269537480065,1.09,3.302,-9.11
7.900323232323233,1.09,3.302,-9.11
7.908319510898458,1.09,3.302,-9.11
7.916315789473685,1.09,3.302,-9.11
7.924312068048911,1.0775353535353447,3.2390207336522683,-9.122464646464655
7.932308346624136,1.0323734487734486,3.029834267486898,-9.26762655122655
7.940304625199363,1.03020303030303,3.018867942583731,-9.26979696969697
7.948300903774588,1.0280326118326117,3.0079016176805644,-9.271967388167388
7.9562971823498145,1.0258621933621932,2.9969352927773967,-9.274137806637807
7.96429346092504,1.0236917748917749,2.9859689678742307,-9.276308225108224
7.972289739500266,1.0215213564213563,2.975002642971063,-9.278478643578643
7.980286018075492,1.019350937950938,2.9640363180678966,-9.280649062049061
7.988282296650718,1.0171805194805195,2.9530699931647293,-9.28281948051948
7.996278575225944,1.0150101010101007,2.9421036682615616,-9.284989898989899
8.00427485380117,1.015709941520468,2.9540994152046802,-9.369787134502934
8.012271132376396,1.0698309409888294,2.935131180223288,-9.33016905901117
8.020267410951622,1.0280404040404005,3.0178357256778128,-9.3719595959596
8.028263689526847,1.0341681341169446,3.0386070437613344,-9.265831865883055
8.036259968102074,1.0363588953704315,3.0491226977780714,-9.263641104629569
8.0442562466773,1.0385496566239178,3.0596383517948063,-9.261450343376081
8.052252525252525,1.0407404178774042,3.070154005811541,-9.259259582122596
8.060248803827752,1.0429311791308913,3.080669659828278,-9.257068820869108
8.068245082402978,1.0451219403843777,3.091185313845013,-9.254878059615622
8.076241360978203,1.047312701637864,3.1017009678617478,-9.252687298362135
8.084237639553429,1.0495034628913504,3.1122166218784826,-9.25049653710865
8.092233918128656,1.0516942241448373,3.1227322758952196,-9.248305775855162
8.100230196703881,1.0691509835194042,3.2065247208931402,-9.230849016480596
8.108226475279107,1.0730423085686243,3.2251916329284747,-9.226708817498292
8.116222753854332,1.074536118851908,3.2319577147998193,-9.216427887901574
8.12421903242956,1.0760299291351922,3.2387237966711657,-9.206146958304853
8.132215311004785,1.0775237394184762,3.2454898785425104,-9.195866028708133
8.14021158958001,1.0790175497017602,3.252255960413855,-9.185585099111416
8.148207868155238,1.0805113599850444,3.259022042285201,-9.175304169514694
8.156204146730463,1.0820051702683282,3.2657881241565456,-9.165023239917977
8.164200425305689,1.0834989805516122,3.2725542060278903,-9.154742310321257
8.172196703880914,1.084992790834896,3.279320287899235,-9.14446138072454
8.180192982456141,1.0864866011181802,3.2860863697705813,-9.134180451127818
8.188189261031367,1.0879804114014642,3.292852451641926,-9.123899521531099
8.196185539606592,1.0894742216847482,3.2996185335132706,-9.113618591934381
8.20418181818182,1.073,3.225,-9.227
8.212178096757045,1.0540787701577174,3.134178096757044,-9.245921229842283
8.22017437533227,1.055744661527556,3.1421743753322695,-9.244255338472444
8.228170653907496,1.0574105528973947,3.150170653907495,-9.242589447102604
8.236166932482723,1.0590764442672338,3.158166932482722,-9.240923555732767
8.244163211057948,1.0607423356370724,3.1661632110579476,-9.239257664362928
8.252159489633174,1.062408227006911,3.174159489633173,-9.237591772993088
8.260155768208401,1.06407411837675,3.1821557682084003,-9.23592588162325
8.268152046783626,1.0657400097465886,3.1901520467836257,-9.234259990253411
8.276148325358852,1.0674059011164272,3.198148325358851,-9.232594098883572
8.284144603934077,1.0690717924862658,3.2061446039340766,-9.230928207513735
8.292140882509305,1.070737683856105,3.214140882509304,-9.229262316143895
8.30013716108453,1.0724035752259435,3.2221371610845293,-9.227596424774056
8.308133439659755,1.0332668793195114,3.0356687931951143,-9.28007708665606
8.316129718234981,1.035,3.053,-9.365
8.324125996810208,1.035,3.053,-9.365
8.332122275385434,1.035,3.053,-9.365
8.340118553960659,1.035,3.053,-9.365
8.348114832535886,1.035,3.053,-9.365
8.356111111111112,1.035,3.053,-9.365
8.364107389686337,1.035,3.053,-9.365
8.372103668261563,1.035,3.053,-9.365
8.38009994683679,1.035,3.053,-9.365
8.388096225412015,1.035,3.053,-9.365
8.39609250398724,1.035,3.053,-9.365
8.404088782562468,1.035,3.053,-9.365
8.412085061137693,1.035,3.053,-9.365
8.420081339712919,1.035,3.053,-9.365
8.428077618288144,1.0547633753806,3.136543328017012,-9.235440094727176
8.436073896863372,1.0678481948673344,3.1925172780435975,-9.149661833647473
8.444070175438597,1.073,3.225,-9.227
8.452066454013822,1.073,3.225,-9.227
8.46006273258905,1.073,3.225,-9.227
8.468059011164275,1.073,3.225,-9.227
8.4760552897395,1.073,3.225,-9.227
8.484051568314726,1.073,3.225,-9.227
8.492047846889953,1.073,3.225,-9.227
8.500044125465179,1.0729558745348213,3.224580808080803,-9.224837852206248
8.508040404040404,1.071,3.206,-9.129
8.51603668261563,1.053,3.129,-9.247
8.524032961190857,1.053,3.129,-9.247
8.532029239766082,1.053,3.129,-9.247
8.540025518341308,1.053,3.129,-9.247
8.548021796916535,1.053,3.129,-9.247
8.55601807549176,1.053,3.129,-9.247
8.564014354066986,1.053,3.129,-9.247
8.572010632642211,1.053,3.129,-9.247
8.580006911217438,1.053,3.129,-9.247
8.588003189792664,1.053,3.129,-9.247
8.59599946836789,1.053,3.129,-9.247
8.603995746943117,1.033,3.033,-9.267
8.611992025518342,1.033,3.033,-9.267
8.619988304093567,1.033,3.033,-9.267
8.627984582668793,1.033,3.033,-9.267
8.63598086124402,1.033,3.033,-9.267
8.643977139819246,1.033,3.033,-9.267
8.651973418394471,1.033,3.033,-9.267
8.659969696969698,1.033,3.033,-9.267
8.667965975544924,1.033,3.033,-9.267
8.675962254120149,1.033,3.033,-9.267
8.683958532695375,1.033,3.033,-9.267
8.691954811270602,1.033,3.033,-9.267
8.699951089845827,1.033,3.033,-9.267
8.707947368421053,1.0533508771929823,3.1325087719298232,-9.264192982456134
8.715943646996278,1.0523508288627903,3.1164839785413934,-9.147649171137209
8.723939925571505,1.0541681649026147,3.1252071915325503,-9.145831835097384
8.73193620414673,1.0559855009424386,3.1339304045237055,-9.14401449905756
8.739932482721956,1.0578028369822625,3.1426536175148607,-9.142197163017737
8.747928761297183,1.0596201730220869,3.1513768305060177,-9.140379826977913
8.755925039872409,1.061437509061911,3.160100043497173,-9.138562490938089
8.763921318447634,1.063254845101735,3.168823256488328,-9.136745154898264
8.77191759702286,1.0650721811415589,3.177546469479483,-9.13492781885844
8.779913875598087,1.0668895171813833,3.1862696824706402,-9.133110482818616
8.787910154173312,1.0687068532212074,3.194992895461795,-9.131293146778793
8.795906432748538,1.0705241892610313,3.20371610845295,-9.129475810738969
8.803902711323765,1.0723117136275033,3.2184612794612812,-9.193273967747661
8.81189898989899,1.073,3.225,-9.227
8.819895268474216,1.073,3.225,-9.227
8.827891547049441,1.071948230527178,3.219951506530454,-9.228051769472822
8.835887825624669,1.069787074155495,3.2095779559463757,-9.230212925844505
8.843884104199894,1.0676259177838123,3.199204405362299,-9.232374082216188
8.85188038277512,1.0654647614121298,3.188830854778223,-9.23453523858787
8.859876661350347,1.0633036050404467,3.1784573041941444,-9.236696394959553
8.867872939925572,1.0611424486687642,3.1680837536100683,-9.238857551331236
8.875869218500798,1.0589812922970816,3.157710203025992,-9.241018707702919
8.883865497076023,1.056820135925399,3.1473366524419157,-9.243179864074602
8.89186177565125,1.054658979553716,3.136963101857837,-9.245341020446284
8.899858054226476,1.053,3.129,-9.247
8.907854332801701,1.053,3.129,-9.247
8.915850611376928,1.053,3.129,-9.247
8.923846889952154,1.053,3.129,-9.247
8.93184316852738,1.053,3.129,-9.247
8.939839447102605,1.053,3.129,-9.247
8.947835725677832,1.053,3.129,-9.247
8.955832004253057,1.053,3.129,-9.247
8.963828282828283,1.053,3.129,-9.247
8.971824561403508,1.053,3.129,-9.247
8.979820839978736,1.053,3.129,-9.247
8.987817118553961,1.053,3.129,-9.247
8.995813397129186,1.053,3.129,-9.247
9.003809675704414,1.054809675704414,3.1470967570441406,-9.335674109516289
9.01180595427964,1.051,3.11,-9.149
9.019802232854865,1.051,3.11,-9.149
9.02779851143009,1.051,3.11,-9.149
9.035794790005317,1.051,3.11,-9.149
9.043791068580543,1.051,3.11,-9.149
9.051787347155768,1.051,3.11,-9.149
9.059783625730995,1.051,3.11,-9.149
9.06777990430622,1.051,3.11,-9.149
9.075776182881446,1.051,3.11,-9.149
9.083772461456672,1.051,3.11,-9.149
9.091768740031899,1.051,3.11,-9.149
9.099765018607124,1.0594152046783631,3.153988569909626,-9.178835725677834
9.10776129718235,1.0510167318062054,3.1101589521589523,-9.149819858504069
9.115757575757577,1.051192474192474,3.1118285048285053,-9.158431235431237
9.123753854332803,1.0513682165787428,3.1134980574980577,-9.167042612358403
9.131750132908028,1.0515439589650115,3.1151676101676102,-9.175653989285568
9.139746411483253,1.0517197013512802,3.1168371628371627,-9.184265366212735
9.14774269005848,1.051895443737549,3.1185067155067157,-9.192876743139902
9.155738968633706,1.0520711861238177,3.120176268176268,-9.201488120067067
9.163735247208932,1.0522469285100864,3.1218458208458206,-9.210099496994234
9.171731525784157,1.052422670896355,3.1235153735153736,-9.218710873921399
9.179727804359384,1.0525984132826238,3.1251849261849265,-9.227322250848568
9.18772408293461,1.0527741556688925,3.126854478854479,-9.235933627775733
9.195720361509835,1.052949898055161,3.1285240315240315,-9.244545004702898
9.203716640085062,1.053,3.129,-9.247
9.211712918660288,1.053,3.129,-9.247
9.219709197235513,1.053,3.129,-9.247
9.227705475810739,1.053,3.129,-9.247
9.235701754385966,1.053,3.129,-9.247
9.243698032961191,1.053,3.129,-9.247
9.251694311536417,1.053,3.129,-9.247
9.259690590111644,1.053,3.129,-9.247
9.26768686868687,1.053,3.129,-9.247
9.275683147262095,1.053,3.129,-9.247
9.28367942583732,1.053,3.129,-9.247
9.291675704412548,1.053,3.129,-9.247
9.299671982987773,1.053,3.129,-9.247
9.307668261562998,1.0533317384370013,3.132317384370013,-9.263255183413063
9.315664540138226,1.0528502350530735,3.1275772330041987,-9.239661517600604
9.323660818713451,1.0526705433996977,3.125870162297128,-9.230856626585188
9.331657097288677,1.0524908517463218,3.1241630915900576,-9.22205173556977
9.339653375863902,1.052311160092946,3.122456020882987,-9.213246844554353
9.34764965443913,1.05213146843957,3.120748950175916,-9.204441953538936
9.355645933014355,1.0519517767861941,3.1190418794688455,-9.195637062523518
9.36364221158958,1.0517720851328183,3.117334808761775,-9.186832171508101
9.371638490164806,1.0515923934794424,3.1156277380547044,-9.178027280492685
9.379634768740033,1.0514127018260666,3.1139206673476334,-9.169222389477266
9.387631047315258,1.0512330101726908,3.112213596640563,-9.160417498461848
9.395627325890484,1.051053318519315,3.110506525933492,-9.151612607446433
9.40362360446571,1.0667639553428923,3.1950669856458838,-9.233236044657108
9.411619883040936,1.0528576369238507,3.1276475507765826,-9.24002420926869
9.419616161616162,1.0526856739437385,3.126013902465515,-9.231598023243183
9.427612440191387,1.052513710963626,3.1243802541544476,-9.223171837217677
9.435608718766614,1.0523417479835135,3.1227466058433797,-9.21474565119217
9.44360499734184,1.0521697850034013,3.121112957532312,-9.206319465166663
9.451601275917065,1.0519978220232888,3.1194793092212447,-9.197893279141155
9.459597554492293,1.0518258590431764,3.117845660910177,-9.189467093115647
9.467593833067518,1.0516538960630641,3.116212012599109,-9.181040907090141
9.475590111642743,1.0514819330829517,3.1145783642880414,-9.172614721064635
9.483586390217969,1.0513099701028392,3.112944715976974,-9.164188535039129
9.491582668793196,1.051138007122727,3.111311067665906,-9.155762349013619
9.499578947368422,1.0525789473684217,3.125000000000006,-9.226368421052664
9.507575225943647,1.0516091932339808,3.113184419177627,-9.151159866920477
9.515571504518874,1.0535007860152172,3.1230722905340906,-9.157866423144862
9.5235677830941,1.0553923787964534,3.1329601618905523,-9.164572979369243
9.531564061669325,1.0572839715776896,3.142848033247014,-9.171279535593627
9.53956034024455,1.0591755643589258,3.1527359046034755,-9.17798609181801
9.547556618819778,1.0610671571401622,3.1626237759599394,-9.184692648042393
9.555552897395003,1.0629587499213984,3.172511647316401,-9.191399204266776
9.563549175970229,1.0648503427026346,3.1823995186728626,-9.198105760491158
9.571545454545454,1.0667419354838708,3.1922873900293243,-9.204812316715541
9.579541733120681,1.0686335282651072,3.2021752613857877,-9.211518872939926
9.587538011695907,1.0705251210463433,3.2120631327422493,-9.218225429164308
9.595534290271132,1.0724167138275795,3.221951004098711,-9.224931985388691
9.60353056884636,1.053,3.129,-9.247
9.611526847421585,1.0528596376898582,3.127666558053655,-9.240122246803061
9.61952312599681,1.052687674709746,3.1260329097425874,-9.231696060777555
9.627519404572036,1.0525157117296335,3.1243992614315195,-9.223269874752049
9.635515683147263,1.052343748749521,3.1227656131204515,-9.21484368872654
9.643511961722488,1.0521717857694088,3.121131964809384,-9.206417502701033
9.651508240297714,1.0519998227892964,3.1194983164983165,-9.197991316675527
9.659504518872941,1.051827859809184,3.1178646681872486,-9.189565130650019
9.667500797448167,1.0516558968290717,3.116231019876181,-9.181138944624513
9.675497076023392,1.0514839338489592,3.1145973715651136,-9.172712758599006
9.683493354598617,1.051311970868847,3.1129637232540457,-9.1642865725735
9.691489633173845,1.0511400078887345,3.1113300749429778,-9.15586038654799
9.69948591174907,1.051,3.11,-9.149
9.707482190324296,1.074132680185312,3.2365436318067915,-9.282501329080285
9.715478468899523,1.054897046691965,3.14797046691965,-9.339955287906285
9.723474747474748,1.0547132241959827,3.146132241959828,-9.330947985603158
9.731471026049974,1.0545294017000006,3.144294017000006,-9.32194068330003
9.7394673046252,1.0543455792040184,3.142455792040184,-9.312933380996903
9.747463583200426,1.0541617567080361,3.140617567080362,-9.303926078693774
9.755459861775652,1.0539779342120539,3.13877934212054,-9.294918776390645
9.763456140350877,1.0537941117160716,3.1369411171607178,-9.285911474087518
9.771452418926103,1.0536102892200896,3.135102892200896,-9.27690417178439
9.77944869750133,1.0534264667241073,3.1332646672410736,-9.26789686948126
9.787444976076555,1.053242644228125,3.1314264422812514,-9.258889567178134
9.79544125465178,1.0530588217321428,3.1295882173214298,-9.249882264875005
9.803437533227008,1.055,3.149,-9.345
9.811433811802234,1.0548893721908075,3.1479213788603735,-9.33957923734957
9.819430090377459,1.0545259049828426,3.144377573582717,-9.321769344159295
9.827426368952684,1.054162437774878,3.1408337683050602,-9.303959450969021
9.835422647527912,1.053798970566913,3.1372899630274027,-9.286149557778742
9.843418926103137,1.0534355033589482,3.133746157749746,-9.268339664588467
9.851415204678363,1.0530720361509835,3.130202352472089,-9.250529771398192
9.85941148325359,1.0527085689430187,3.1266585471944315,-9.232719878207913
9.867407761828815,1.0523451017350538,3.123114741916775,-9.214909985017638
9.87540404040404,1.051981634527089,3.119570936639118,-9.197100091827364
9.883400318979266,1.0516181673191243,3.1160271313614616,-9.179290198637089
9.891396597554493,1.0512547001111594,3.112483326083804,-9.16148030544681
9.899392876129719,1.051,3.11,-9.149
9.907389154704944,1.053,3.129,-9.247
9.915385433280171,1.053,3.129,-9.247
9.923381711855397,1.053,3.129,-9.247
9.931377990430622,1.053,3.129,-9.247
9.939374269005848,1.053,3.129,-9.247
9.947370547581075,1.053,3.129,-9.247
9.9553668261563,1.053,3.129,-9.247
9.963363104731526,1.053,3.129,-9.247
9.971359383306753,1.053,3.129,-9.247
9.979355661881979,1.053,3.129,-9.247
9.987351940457204,1.053,3.129,-9.247
9.99534821903243,1.053,3.129,-9.247
10.003344497607657,1.0723444976076566,3.218772727272739,-9.19488038277518
10.011340776182882,1.073,3.225,-9.227
10.019337054758108,1.073,3.225,-9.227
10.027333333333333,1.073,3.225,-9.227
10.03532961190856,1.073,3.225,-9.227
10.043325890483786,1.073,3.225,-9.227
10.051322169059011,1.073,3.225,-9.227
10.059318447634238,1.073,3.225,-9.227
10.067314726209464,1.073,3.225,-9.227
10.07531100478469,1.073,3.225,-9.227
10.083307283359915,1.073,3.225,-9.227
10.091303561935142,1.073,3.225,-9.227
10.099299840510367,1.073,3.225,-9.227
10.107296119085593,1.053,3.129,-9.247
10.11529239766082,1.053,3.129,-9.247
10.123288676236045,1.053,3.129,-9.247
10.131284954811271,1.053,3.129,-9.247
10.139281233386496,1.053,3.129,-9.247
10.147277511961724,1.053,3.129,-9.247
10.155273790536949,1.053,3.129,-9.247
10.163270069112174,1.053,3.129,-9.247
10.171266347687402,1.053,3.129,-9.247
10.179262626262627,1.053,3.129,-9.247
10.187258904837853,1.053,3.129,-9.247
10.195255183413078,1.053,3.129,-9.247
10.203251461988305,1.0667446393762163,3.201471734892777,-9.29573099415204
10.21124774056353,1.071,3.206,-9.129
10.219244019138756,1.071,3.206,-9.129
10.227240297713982,1.071,3.206,-9.129
10.235236576289209,1.071,3.206,-9.129
10.243232854864434,1.071,3.206,-9.129
10.25122913343966,1.071,3.206,-9.129
10.259225412014887,1.071,3.206,-9.129
10.267221690590112,1.071,3.206,-9.129
10.275217969165338,1.071,3.206,-9.129
10.283214247740563,1.071,3.206,-9.129
10.29121052631579,1.071,3.206,-9.129
10.299206804891016,1.0589319510898452,3.148073365231257,-9.141068048910155
10.307203083466241,1.066593833067518,3.1977153110047887,-9.263354775828464
10.315199362041469,1.0509951960953863,3.109951960953863,-9.148764608673927
10.323195640616694,1.050802514683935,3.1080251468393505,-9.139323219512818
10.33119191919192,1.0506098332724838,3.1060983327248386,-9.129881830351708
10.339188197767145,1.0504171518610326,3.1041715186103263,-9.120440441190599
10.347184476342372,1.0502244704495813,3.102244704495814,-9.110999052029488
10.355180754917598,1.05003178903813,3.1003178903813016,-9.101557662868379
10.363177033492823,1.0498391076266789,3.0983910762667892,-9.09211627370727
10.37117331206805,1.0496464262152276,3.096464262152277,-9.082674884546156
10.379169590643276,1.0494537448037764,3.0945374480377645,-9.073233495385047
10.387165869218501,1.0492610633923252,3.0926106339232526,-9.063792106223937
10.395162147793727,1.049068381980874,3.0906838198087403,-9.054350717062828
10.403158426368954,1.0758415736310467,3.261831472620931,-9.408315789473608
10.41115470494418,1.0765983915300825,3.253829210356647,-9.331012996708406
10.419150983519405,1.0783847941905054,3.2636969583856485,-9.337733273383328
10.42714726209463,1.080171196850928,3.2735647064146502,-9.344453550058253
10.435143540669857,1.0819575995113513,3.283432454443654,-9.351173826733177
10.443139819245083,1.083744002171774,3.293300202472656,-9.357894103408102
10.451136097820308,1.0855304048321965,3.3031679505016576,-9.364614380083024
10.459132376395536,1.0873168074926198,3.3130356985306615,-9.37133465675795
10.467128654970761,1.0891032101530425,3.322903446559663,-9.378054933432873
10.475124933545986,1.0908896128134653,3.332771194588665,-9.384775210107797
10.483121212121212,1.092676015473888,3.3426389426176666,-9.391495486782722
10.491117490696439,1.094462418134311,3.3525066906466705,-9.398215763457646
10.499113769271665,1.0922874357611163,3.343179691653358,-9.407712564238883
10.50711004784689,1.1055023923445124,2.9,-9.705502392344512
10.515106326422117,1.1986277918152546,2.8934134007132224,-9.801372208184747
10.523102604997343,1.196830875281496,2.8847882013511814,-9.803169124718504
10.531098883572568,1.1950339587477377,2.8761630019891404,-9.804966041252262
10.539095162147794,1.193237042213979,2.8675378026270995,-9.806762957786022
10.54709144072302,1.19144012568022,2.8589126032650567,-9.80855987431978
10.555087719298246,1.1896432091464617,2.8502874039030157,-9.81035679085354
10.563083997873472,1.1878462926127031,2.8416622045409747,-9.812153707387298
10.571080276448699,1.1860493760789441,2.833037005178932,-9.813950623921055
10.579076555023924,1.1842524595451855,2.824411805816891,-9.815747540454815
10.58707283359915,1.1824555430114272,2.8157866064548505,-9.817544456988573
10.595069112174375,1.1806586264776686,2.8071614070928095,-9.819341373522331
10.603065390749602,0.8934609250397307,2.5786395534292796,-9.197390749601805
10.611061669324828,0.6618886146786153,2.607854948375697,-9.563691339992728
10.619057947900053,0.5054982400178913,2.4525588013094777,-9.583724122107503
10.627054226475279,0.34910786535716726,2.297262654243258,-9.603756904222278
10.635050505050506,0.19271749069640853,2.1419665071770044,-9.623789686337059
10.643046783625731,0.036327116035684615,1.986670360110785,-9.643822468451834
10.651043062200957,-0.12006325862503942,1.8313742130445654,-9.663855250566609
10.659039340776184,-0.2764536332857981,1.6760780659783112,-9.683888032681388
10.66703561935141,-0.4328440079465221,1.520781918912092,-9.703920814796165
10.675031897926635,-0.5892343826072461,1.3654857718458724,-9.72395359691094
10.68302817650186,-0.7456247572679702,1.2101896247796529,-9.743986379025715
10.691024455077088,-0.9020151319287288,1.054893477713399,-9.764019161140494
10.699020733652313,-1.0557607655501693,0.9,-9.778111642743038
10.707017012227539,-0.6845018607124002,0.8334751018961583,-8.941666489455972
10.715013290802766,-0.9202791068580842,0.9013290802765916,-9.106080808081678
10.723009569377991,-0.9280529130312386,0.9981857585139315,-9.723812552772308
10.731005847953217,-0.9132833161334694,0.996116133470932,-9.74413250773994
10.739002126528442,-0.8985137192357001,0.9940465084279325,-9.764452462707572
10.74699840510367,-0.8837441223379277,0.9919768833849325,-9.784772417675208
10.754994683678895,-0.8689745254401585,0.989907258341933,-9.80509237264284
10.76299096225412,-0.8542049285423893,0.9878376332989335,-9.82541232761047
10.770987240829347,-0.8394353316446168,0.9857680082559336,-9.845732282578107
10.778983519404573,-0.8246657347468476,0.983698383212934,-9.86605223754574
10.786979797979798,-0.8098961378490784,0.9816287581699346,-9.88637219251337
10.794976076555024,-0.7951265409513092,0.979559133126935,-9.906692147481001
10.802972355130251,-0.75835938330674,0.9760276448697492,-9.792482013113533
10.810968633705476,-0.7852608103506988,1.1783539116773891,-10.117222192355246
10.818964912280702,-0.7903820224719107,1.1797914449043958,-10.097815493790655
10.826961190855927,-0.7955032345931224,1.1812289781314027,-10.078408795226062
10.834957469431155,-0.8006244467143353,1.1826665113584098,-10.059002096661466
10.84295374800638,-0.8057456588355472,1.1841040445854167,-10.039595398096875
10.850950026581605,-0.8108668709567589,1.1855415778124234,-10.020188699532282
10.858946305156833,-0.8159880830779718,1.1869791110394305,-10.000782000967686
10.866942583732058,-0.8211092951991836,1.1884166442664374,-9.981375302403094
10.874938862307284,-0.8262305073203954,1.1898541774934444,-9.961968603838502
10.882935140882509,-0.8313517194416071,1.191291710720451,-9.94256190527391
10.890931419457736,-0.83647293156282,1.1927292439474582,-9.923155206709314
10.898927698032962,-0.8229098883572471,1.1457597022859922,-9.768700691121671
10.906923976608187,-0.7717777777777771,1.286923976608187,-9.659274853801167
10.914920255183414,-0.7237361252979229,1.172866960557676,-9.820481067326128
10.92291653375864,-0.7220290545908522,1.1726872689043002,-9.811676176310712
10.930912812333865,-0.7203219838837817,1.1725075772509244,-9.802871285295295
10.93890909090909,-0.718614913176711,1.1723278855975485,-9.794066394279877
10.946905369484318,-0.71690784246964,1.1721481939441727,-9.785261503264458
10.954901648059543,-0.7152007717625694,1.1719685022907969,-9.776456612249042
10.962897926634769,-0.7134937010554987,1.171788810637421,-9.767651721233625
10.970894205209996,-0.7117866303484277,1.171609118984045,-9.758846830218205
10.978890483785221,-0.710079559641357,1.1714294273306691,-9.750041939202788
10.986886762360447,-0.7083724889342865,1.1712497356772933,-9.741237048187372
10.994883040935672,-0.7066654182272158,1.1710700440239175,-9.732432157171955
11.0028793195109,-0.7192438672438694,1.1723940912888284,-9.797310473152589
11.010875598086125,-0.5535672575032591,1.2112737603305739,-11.082756252718571
11.01887187666135,-0.5222182108162959,1.1681120293847553,-11.071397902469672
11.026868155236576,-0.4908691641293329,1.1249502984389366,-11.060039552220772
11.034864433811803,-0.4595201174423629,1.0817885674931083,-11.04868120197187
11.042860712387029,-0.42817107075539984,1.0386268365472895,-11.037322851722971
11.050856990962254,-0.3968220240684368,0.995465105601471,-11.025964501474071
11.058853269537481,-0.3654729773814668,0.9523033746556426,-11.014606151225168
11.066849548112707,-0.3341239306945037,0.9091416437098239,-11.003247800976268
11.074845826687932,-0.30277488400754066,0.8659799127640053,-10.991889450727369
11.082842105263158,-0.27142583732057757,0.8228181818181866,-10.98053110047847
11.090838383838385,-0.24007679063360754,0.7796564508723582,-10.969172750229568
11.09883466241361,-0.15037409179514774,0.64584848484849,-10.845485911749076
11.106830940988836,0.231,-0.045943308684954796,-10.040056691315046
11.114827219564063,0.231,-0.33671707505682713,-9.749282924943174
11.122823498139288,-0.6631809934704673,-0.25195543832382605,-12.069439407570963
11.130819776714514,-0.6636935754304176,-0.07624234245284908,-11.94324172903119
11.13881605528974,-0.6642061573903679,0.09947075341812794,-11.817044050491415
11.146812333864967,-0.6647187393503184,0.275183849289144,-11.690846371951613
11.154808612440192,-0.6652313213102687,0.45089694516012097,-11.564648693411838
11.162804891015417,-0.6657439032702192,0.626610041031098,-11.438451014872065
11.170801169590645,-0.6662564852301696,0.802323136902114,-11.312253336332262
11.17879744816587,-0.6667690671901199,0.9780362327730909,-11.186055657792489
11.186793726741096,-0.6672816491500703,1.1537493286440679,-11.059857979252714
11.194790005316321,-0.6677942311100206,1.329462424515045,-10.933660300712939
11.202786283891548,2.1002216905901188,-0.7167995746944402,-10.963130249867103
11.210782562466774,1.3441750519549525,-1.2966029674737818,-12.098366874486493
11.218778841041999,1.4890167343289238,-1.2618918491131437,-12.051025270649077
11.226775119617226,1.6338584167029273,-1.227180730752498,-12.003683666811654
11.234771398192452,1.7787000990768986,-1.19246961239186,-11.956342062974239
11.242767676767677,1.92354178145087,-1.157758494031222,-11.909000459136823
11.250763955342903,2.0683834638248415,-1.1230473756705839,-11.861658855299408
11.25876023391813,2.213225146198845,-1.0883362573099382,-11.814317251461985
11.266756512493355,2.3580668285728166,-1.0536251389493,-11.76697564762457
11.27475279106858,2.5029085109467877,-1.018914020588662,-11.719634043787154
11.282749069643806,2.647750193320759,-0.984202902228024,-11.67229243994974
11.290745348219033,2.7925918756947627,-0.9494917838673782,-11.624950836112315
11.298741626794259,3.455746411483869,-1.7248899521540437,-11.294248803827418
11.306737905369484,6.369008562670384,-3.0617951632789318,-8.811990849140901
11.314734183944712,6.147069298811151,-2.8772002217018766,-8.920025676699824
11.322730462519937,5.925130034951966,-2.6926052801248628,-9.028060504258722
11.330726741095162,5.703190771092782,-2.5080103385478485,-9.13609533181762
11.338723019670388,5.481251507233598,-2.3234153969708347,-9.244130159376516
11.346719298245615,5.259312243374364,-2.1388204553937795,-9.352164986935438
11.35471557682084,5.03737297951518,-1.9542255138167655,-9.460199814494336
11.362711855396066,4.815433715655995,-1.7696305722397512,-9.568234642053234
11.370708133971293,4.593494451796762,-1.5850356306626963,-9.676269469612155
11.378704412546519,4.371555187937577,-1.4004406890856822,-9.784304297171053
11.386700691121744,4.149615924078393,-1.215845747508668,-9.89233912472995
11.39469696969697,3.9276766602192095,-1.0312508059316539,-10.000373952288848
11.402693248272197,7.064213981924682,4.0829423179165785,-4.882014088250506
11.410689526847422,6.445466755843643,5.186454288213223,-6.707312473918589
11.418685805422648,6.195002675309969,5.435628646396055,-6.73637421755758
11.426682083997875,5.944538594776239,5.684803004578943,-6.7654359611965775
11.4346783625731,5.694074514242565,5.933977362761775,-6.794497704835569
11.442674641148326,5.44361043370889,6.183151720944606,-6.823559448474561
11.450670919723551,5.193146353175215,6.432326079127439,-6.852621192113552
11.458667198298778,4.942682272641485,6.6815004373103255,-6.88168293575255
11.466663476874004,4.69221819210781,6.930674795493157,-6.9107446793915415
11.47465975544923,4.441754111574136,7.179849153675988,-6.939806423030532
11.482656034024455,4.191290031040461,7.429023511858821,-6.968868166669524
11.490652312599682,3.9408259505067313,7.678197870041707,-6.997929910308522
11.498648591174907,3.808603083466263,7.593431472620854,-6.845479992911515
11.506644869750133,4.131652737905359,6.222869324827265,-5.994142867269211
11.51464114832536,6.469722488038851,7.082492822966987,-5.472421052631592
11.522637426900586,0.6156747692523561,8.77528359050239,-1.2985898682448727
11.530633705475811,0.04784264970562502,8.955826073032178,-1.0724782319068717
11.538629984051036,-0.5199894698411061,9.136368555561967,-0.8463665955688707
11.546626262626264,-1.0878215893879633,9.316911038091796,-0.6202549592308195
11.55462254120149,-1.655653708934694,9.497453520621583,-0.3941433228928186
11.562618819776715,-2.2234858284814254,9.677996003151373,-0.1680316865548177
11.570615098351942,-2.791317948028283,9.858538485681201,0.05807994978323361
11.578611376927167,-3.3591500675750137,10.03908096821099,0.2841915861212345
11.586607655502393,-3.9269821871217445,10.219623450740778,0.5103032224592357
11.594603934077618,-4.494814306668476,10.400165933270568,0.7364148587972366
11.602600212652845,-2.554137161085268,10.010711589577918,-1.0221929824582574
11.61059649122807,-8.635165220744257,6.710831887410755,-7.6527588201272705
11.618592769803296,-9.200264863791228,6.212426479952754,-7.836761098550588
11.626589048378523,-9.765364506838322,5.71402107249464,-8.020763376973946
11.634585326953749,-10.330464149885293,5.215615665036639,-8.204765655397264
11.642581605528974,-10.895563792932261,4.717210257578636,-8.388767933820581
11.6505778841042,-11.460663435979232,4.218804850120634,-8.5727702122439
11.658574162679427,-12.025763079026326,3.7203994426625213,-8.756772490667256
11.666570441254652,-12.590862722073297,3.2219940352045193,-8.940774769090574
11.674566719829878,-13.155962365120265,2.7235886277465173,-9.124777047513891
11.682562998405103,-13.721062008167234,2.225183220288515,-9.30877932593721
11.69055927698033,-14.28616165121433,1.7267778128304023,-9.492781604360566
11.698555555555556,-15.715611111111754,-0.8531111111126148,-10.175388888889252
11.706551834130781,-1.329908482546571,-3.222253621401206,-4.203368601917164
11.714548112706009,-1.499479049858349,-3.336921904887197,-4.174351178633865
11.722544391281234,-1.6690496171700895,-3.4515901883731623,-4.145333755350572
11.73054066985646,-1.83862018448183,-3.5662584718591277,-4.116316332067281
11.738536948431685,-2.0081907517935704,-3.6809267553450935,-4.087298908783988
11.746533227006912,-2.1777613191053486,-3.795595038831084,-4.058281485500689
11.754529505582138,-2.347331886417089,-3.9102633223170495,-4.029264062217396
11.762525784157363,-2.5169024537288296,-4.024931605803015,-4.0002466389341045
11.77052206273259,-2.686473021040608,-4.139599889289006,-3.9712292156508053
11.778518341307816,-2.856043588352348,-4.254268172774972,-3.942211792367513
11.786514619883041,-3.0256141556640888,-4.368936456260937,-3.9131943690842204
11.794510898458267,-3.195184722975829,-4.4836047397469025,-3.884176945800928
11.802507177033494,-6.277875598093916,-6.959770334934542,-6.165923444982229
11.81050345560872,-22.663637934367173,4.137027499879102,-12.383576603354165
11.818499734183945,-20.10346578826519,3.7010485839253375,-12.679166310231528
11.826496012759172,-17.543293642162638,3.2650696679714764,-12.974756017108959
11.834492291334398,-14.983121496060654,2.829090752017712,-13.270345723986324
11.842488569909623,-12.422949349958673,2.393111836063947,-13.56593543086369
11.850484848484848,-9.86277720385669,1.9571329201101832,-13.861525137741053
11.858481127060076,-7.302605057754139,1.5211540041563216,-14.157114844618484
11.866477405635301,-4.7424329116521555,1.0851750882025573,-14.452704551495849
11.874473684210527,-2.182260765550172,0.6491961722487929,-14.748294258373214
11.882469962785752,0.37791138055180795,0.21321725629502808,-15.043883965250577
11.89046624136098,2.93808352665436,-0.22276165965883266,-15.339473672128008
11.898462519936205,4.660432462274504,-1.8097667770827783,-15.37748472580048
11.90645879851143,2.6398343761502123,-8.538942747311012,-14.264771807140255
11.914455077086657,-0.9111291866024605,-2.4927819825036583,-4.60021265284458
11.922451355661883,1.2478660287082117,1.7808654487459852,-6.4313604465710394
11.930447634237108,1.8971856060606087,2.821286933664149,-7.1981767012227404
11.938443912812334,1.8402121212121267,2.3490622600272184,-7.4670515683147
11.94644019138756,1.7832386363636321,1.8768375863901834,-7.735926435406718
11.954436469962786,1.7262651515151501,1.404612912753253,-8.004801302498677
11.962432748538012,1.6692916666666684,0.9323882391163227,-8.273676169590635
11.970429027113239,1.6123181818181738,0.4601635654792875,-8.542551036682655
11.978425305688464,1.5553446969696918,-0.012061108157642941,-8.811425903774612
11.98642158426369,1.4983712121212098,-0.48428578179457293,-9.080300770866572
11.994417862838915,1.4413977272727279,-0.9565104554315038,-9.349175637958531
12.002414141414143,0.08960101010103907,-0.2912878787881723,-8.249242424242292
12.010410419989368,0.25991136606588233,-0.9808239954725535,-8.094263655228028
12.018406698564593,0.38828173071977046,-0.989336162988116,-8.286690229973775
12.02640297713982,0.5166520953736871,-0.9978483305036805,-8.479116804719567
12.034399255715046,0.6450224600275751,-1.006360498019243,-8.671543379465314
12.042395534290272,0.7733928246814633,-1.0148726655348057,-8.863969954211061
12.050391812865497,0.9017631893353514,-1.0233848330503683,-9.05639652895681
12.058388091440724,1.030133553989268,-1.0318970005659327,-9.2488231037026
12.06638437001595,1.158503918643156,-1.0404091680814953,-9.441249678448349
12.074380648591175,1.2868742832970443,-1.048921335597058,-9.633676253194096
12.0823769271664,1.4152446479509324,-1.0574335031126203,-9.826102827939845
12.090373205741628,1.543615012604849,-1.065945670628185,-10.018529402685635
12.098369484316853,2.212858054226677,-0.7333678894203992,-11.148279638490514
12.106365762892079,0.47761061745274824,1.1489906584643734,-13.784122958912429
12.114362041467306,0.05308311584749612,0.4270102218355602,-13.659798028128122
12.122358320042531,0.21128221811417375,0.30324963752354706,-13.367206925716461
12.130354598617757,0.36948132038085135,0.17948905321153386,-13.0746158233048
12.138350877192982,0.5276804226475289,0.05572846889952071,-12.78202472089314
12.14634715576821,0.6858795249142416,-0.06803211541251997,-12.489433618481414
12.154343434343435,0.8440786271809193,-0.19179269972453317,-12.196842516069752
12.16233971291866,1.002277729447597,-0.31555328403654626,-11.904251413658091
12.170335991493888,1.1604768317143097,-0.439313868348587,-11.611660311246364
12.178332270069113,1.3186759339809875,-0.5630744526606002,-11.319069208834705
12.186328548644338,1.476875036247665,-0.6868350369726133,-11.026478106423042
12.194324827219564,1.6350741385143426,-0.8105956212846264,-10.733887004011383
12.202321105794791,2.050882332092515,-1.6039619883037843,-4.904106237816577
12.210317384370017,3.112178037023098,7.566405838395744,-9.968698062828157
12.218313662945242,3.0886384304308616,6.805231994695636,-9.836534851770217
12.22630994152047,3.06509882383862,6.044058150995358,-9.704371640712248
12.234306220095695,3.041559217246383,5.28288430729525,-9.57220842965431
12.24230249867092,3.0180196106541466,4.5217104635951415,-9.44004521859637
12.250298777246146,2.9944800040619097,3.760536619895033,-9.307882007538431
12.258295055821373,2.970940397469668,2.999362776194755,-9.175718796480464
12.266291334396598,2.9474007908774316,2.238188932494647,-9.043555585422524
12.274287612971824,2.9238611842851947,1.4770150887945386,-8.911392374364585
12.28228389154705,2.9003215776929583,0.7158412450944294,-8.779229163306645
12.290280170122276,2.8767819711007165,-0.04533259860584771,-8.647065952248678
12.298276448697502,2.879976076555021,-0.3582291334397029,-6.796200425305917
12.306272727272727,1.8211818181818171,-2.1359090909089256,-13.997181818181838
12.314269005847954,1.77174401913873,0.809367357788423,-14.207058213715992
12.32226528442318,1.658069649847742,0.8635239717751765,-13.706836468754453
12.330261562998405,1.5443952805567542,0.91768058576193,-13.206614723792912
12.33825784157363,1.4307209112657666,0.9718371997486837,-12.70639297883137
12.346254120148858,1.3170465419747535,1.0259938137354492,-12.206171233869718
12.354250398724083,1.2033721726837658,1.0801504277222027,-11.705949488908178
12.362246677299309,1.089697803392778,1.1343070417089562,-11.205727743946635
12.370242955874536,0.9760234341017651,1.1884636556957218,-10.705505998984984
12.378239234449762,0.8623490648107772,1.2426202696824755,-10.205284254023443
12.386235513024987,0.7486746955197896,1.2967768836692288,-9.705062509061904
12.394231791600212,0.6350003262288018,1.3509334976559826,-9.20484076410036
12.40222807017544,4.149929824557364,1.7076929824531524,-10.50510526315517
12.410224348750665,2.5167550948077033,1.5203307933132564,-7.029651160730128
12.41822062732589,2.2086318270423493,1.6129099297064222,-7.291662555378348
12.426216905901118,1.9005085592769264,1.7054890660996087,-7.553673950026628
12.434213184476343,1.592385291511572,1.7980682024927745,-7.815685344674849
12.442209463051569,1.2842620237462177,1.8906473388859404,-8.07769673932307
12.450205741626794,0.9761387559808632,1.9832264752791062,-8.339708133971289
12.458202020202021,0.6680154882154405,2.0758056116722927,-8.601719528619569
12.466198298777247,0.35989222045008606,2.1683847480654586,-8.86373092326779
12.474194577352472,0.051768952684731584,2.2609638844586244,-9.12574231791601
12.4821908559277,-0.25635431508069084,2.3535430208518107,-9.38775371256429
12.490187134502925,-0.5644775828460453,2.4461221572449765,-9.64976510721251
12.49818341307815,1.8155614035092014,1.6179138755979383,-12.27887878787918
12.506179691653376,3.76112488781418,-2.5386325850468237,-7.6943672491754045
12.514175970228603,3.545139384792989,-2.1007288561905626,-7.8131076869430265
12.522172248803829,3.3291538817718456,-1.6628251273343992,-7.931848124710621
12.530168527379054,3.1131683787507027,-1.2249213984782357,-8.050588562478216
12.53816480595428,2.897182875729559,-0.7870176696220721,-8.169329000245812
12.546161084529507,2.681197372708368,-0.3491139407658115,-8.288069438013432
12.554157363104732,2.4652118696872245,0.08878978809035232,-8.406809875781027
12.562153641679958,2.2492263666660817,0.5266935169465157,-8.525550313548623
12.570149920255185,2.03324086364489,0.9645972458027767,-8.644290751316245
12.57814619883041,1.8172553606237467,1.4025009746589405,-8.76303118908384
12.586142477405636,1.6012698576026034,1.8404047035151039,-8.881771626851434
12.594138755980861,1.3852843545814602,2.2783084323712672,-9.000512064619029
12.602135034556088,2.032360712386477,-0.4682660818706764,-10.034917331207055
12.610131313131314,1.8430170940171395,-0.0708585858586196,-10.043472416472387
12.61812759170654,2.1485895840078695,-0.28651228549843477,-9.806088043074185
12.626123870281766,2.1959059091109054,-0.28092090273530596,-9.64856736738174
12.634120148856992,2.2432222342139307,-0.27532951997217847,-9.491046691689329
12.642116427432217,2.290538559316956,-0.26973813720905093,-9.33352601599692
12.650112706007443,2.3378548844199813,-0.2641467544459234,-9.17600534030451
12.65810898458267,2.3851712095230173,-0.25855537168279463,-9.018484664612064
12.666105263157895,2.432487534626043,-0.2529639889196671,-8.860963988919654
12.67410154173312,2.4798038597290684,-0.24737260615653955,-8.703443313227245
12.682097820308348,2.5271201848321043,-0.2417812233934108,-8.5459226375348
12.690094098883574,2.5744365099351296,-0.23618984063028325,-8.388401961842389
12.698090377458799,2.6217528350381554,-0.23059845786715574,-8.230881286149978
12.706086656034024,2.6690691601411807,-0.2250070751040282,-8.07336061045757
12.714082934609252,2.7163854852442166,-0.21941569234089944,-7.915839934765124
12.722079213184477,2.763701810347242,-0.2138243095777719,-7.758319259072714
12.730075491759703,2.8110181354502677,-0.2082329268146444,-7.600798583380304
12.738071770334928,2.858334460553293,-0.20264154405151685,-7.443277907687894
12.746068048910155,2.905650785656329,-0.1970501612883881,-7.285757231995449
12.75406432748538,0.8218216374268232,0.3018976608184132,-10.882874269004844
12.762060606060606,0.8053265993265954,-0.2989595959595961,-8.824548821548822
12.770056884635833,0.9891521590170971,-0.29362874357611124,-8.773816876365991
12.778053163211059,1.1729777187075578,-0.2882978911926276,-8.723084931183173
12.786049441786284,1.3568032783980186,-0.282967038809144,-8.672352986000353
12.79404572036151,1.5406288380884794,-0.27763618642566035,-8.621621040817534
12.802041998936737,1.724454397778981,-0.2723053340421755,-8.570889095634703
12.810038277511962,1.9082799574694422,-0.26697448165869186,-8.520157150451883
12.818034556087188,2.092105517159903,-0.26164362927520823,-8.469425205269065
12.826030834662415,2.2759310768504046,-0.2563127768917234,-8.418693260086235
12.83402711323764,2.4597566365408654,-0.25098192450823975,-8.367961314903415
12.842023391812866,2.643582196231326,-0.24565107212475612,-8.317229369720597
12.850019670388091,1.6687170653907684,-1.2094127591706703,-10.580868686868678
12.858015948963319,0.2460034024455026,-0.3944790005316574,-10.795169696969694
12.866012227538544,0.21428483076377525,-0.5510727892964877,-10.779976767676766
12.87400850611377,0.18256625908204793,-0.707666578061318,-10.764783838383838
12.882004784688997,0.1508476874003135,-0.8642603668261832,-10.749590909090907
12.890001063264222,0.1191291157185862,-1.0208541555910138,-10.73439797979798
12.897997341839448,0.08741054403685886,-1.177447944355844,-10.71920505050505
12.905993620414673,0.055691972355131514,-1.3340417331206744,-10.704012121212122
12.9139898989899,0.02397340067339712,-1.4906355218855396,-10.68881919191919
12.921986177565126,1.2115362395906297,-2.405700602515629,-9.680024898104021
12.929982456140351,7.561929824561355,0.34229323308268406,-10.242819548872161
12.937978734715577,6.9558119085592685,0.05888227386648054,-9.992992959671904
12.945975013290804,6.3496939925570475,-0.22452868534978604,-9.743166370471592
12.95397129186603,5.743576076554961,-0.5079396445659896,-9.493339781271334
12.961967570441255,5.137458160552875,-0.7913506037821931,-9.243513192071077
12.969963849016482,4.531340244550654,-1.0747615629984597,-8.993686602870765
12.977960127591707,3.9252223285485672,-1.3581725222146632,-8.743860013670508
12.985956406166933,3.319104412546481,-1.641583481430867,-8.494033424470251
12.993952684742158,2.712986496544395,-1.9249944406470703,-8.244206835269994
13.001948963317385,2.2734827219564235,0.7368277511960948,-8.537689526847482
13.009945241892611,2.406754031543509,0.13710685805420908,-9.004139110402281
13.017941520467836,1.8166002126528364,-0.7186395534290357,-9.418915470494422
13.025937799043064,1.34447058062851,-1.2170676322254694,-9.689413293676463
13.033934077618289,1.5063411928675334,-0.9477875483138227,-9.742253566964102
13.041930356193514,1.6682118051065569,-0.678507464402176,-9.79509384025174
13.04992663476874,1.8300824173455805,-0.4092273804905294,-9.84793411353938
13.057922913343967,1.9919530295846402,-0.13994729657882288,-9.90077438682703
13.065919191919193,2.1538236418236636,0.12933278733282383,-9.953614660114667
13.073915470494418,2.315694254062687,0.39861287124447053,-10.006454933402306
13.081911749069645,2.477564866301747,0.667892955156177,-10.059295206689956
13.08990802764487,2.6394354785407703,0.9371730390678239,-10.112135479977596
13.097904306220096,2.5659665071768814,1.2153373205741902,-10.207380382775154
13.105900584795322,2.7541257309941467,0.8883274853801675,-9.258315789473711
13.113896863370549,2.6921185948554265,0.9052185416922219,-9.319740563530045
13.121893141945774,2.6335085090348174,0.883162872215501,-9.362006607427666
13.129889420521,2.5748984232142087,0.8611072027387802,-9.404272651325286
13.137885699096225,2.5162883373935996,0.8390515332620593,-9.446538695222907
13.145881977671452,2.4576782515729776,0.8169958637853335,-9.488804739120537
13.153878256246678,2.399068165752369,0.7949401943086125,-9.531070783018157
13.161874534821903,2.34045807993176,0.7728845248318916,-9.573336826915778
13.16987081339713,2.281847994111138,0.7508288553551659,-9.615602870813408
13.177867091972356,2.223237908290529,0.728773185878445,-9.657868914711027
13.185863370547581,2.16462782246992,0.7067175164017241,-9.700134958608649
13.193859649122807,2.1060177366493114,0.6846618469250031,-9.74240100250627
13.201855927698034,2.601923799397456,0.15524596845641508,-9.564373382952137
13.20985220627326,2.5267556712293526,-0.018675838781097787,-9.103846638741375
13.217848484848485,2.505490842490841,0.013133533133534929,-9.105604062604062
13.225844763423712,2.484226013752325,0.044942905048174706,-9.10736148646675
13.233841041998938,2.4629611850138136,0.07675227696280743,-9.109118910329437
13.241837320574163,2.4416963562753025,0.10856164887744013,-9.110876334192124
13.249833599149389,2.420431527536791,0.14037102079207284,-9.11263375805481
13.257829877724616,2.399166698798275,0.17218039270671262,-9.114391181917497
13.265826156299841,2.3779018700597634,0.20398976462134535,-9.116148605780184
13.273822434875067,2.3566370413212523,0.23579913653597803,-9.117906029642871
13.281818713450294,2.335372212582736,0.2676085084506178,-9.119663453505558
13.28981499202552,2.3141073838442248,0.2994178803652505,-9.121420877368246
13.297811270600745,2.3229888357256887,0.35233811802233805,-9.418708133971407
13.30580754917597,2.31974815827445,0.4684263689526723,-9.414991949570906
13.313803827751197,2.084269931724063,0.38922461158002025,-9.492888554378805
13.321800106326423,1.9299148014742065,0.3796111081244122,-9.527658889307032
13.329796384901648,1.7755596712243498,0.3699976046688041,-9.56242922423526
13.337792663476874,1.6212045409744928,0.36038410121319603,-9.597199559163487
13.345788942052101,1.4668494107246017,0.3507705977575858,-9.631969894091721
13.353785220627326,1.3124942804747453,0.3411570943019777,-9.666740229019949
13.361781499202552,1.1581391502248883,0.33154359084636964,-9.701510563948176
13.369777777777779,1.0037840199749972,0.3219300873907594,-9.736280898876412
13.377774056353005,0.8494288897251405,0.3123165839351513,-9.77105123380464
13.38577033492823,0.6950737594752836,0.30270308047954325,-9.805821568732867
13.393766613503455,0.5407186292254269,0.2930895770239352,-9.840591903661094
13.401762892078683,0.18728424596812415,1.184056530214951,-10.00824827219593
13.409759170653908,0.1862787878787945,0.9819119617224448,-10.05524210526316
13.417755449229134,0.2288189898989933,0.7046010207336302,-10.065797192982457
13.42575172780436,0.27135919191920155,0.4272900797447541,-10.076352280701757
13.433748006379586,0.6817975632614801,0.4519643039181863,-9.38179756326148
13.441744284954812,0.6770987191502652,0.4710894238094473,-9.377098719150265
13.449740563530037,0.6723998750390502,0.4902145437007082,-9.37239987503905
13.457736842105264,0.6677010309278342,0.5093396635919735,-9.367701030927835
13.46573312068049,0.6630021868166192,0.5284647834832343,-9.363002186816619
13.473729399255715,0.6583033427054042,0.5475899033744953,-9.358303342705405
13.481725677830942,0.6536044985941881,0.5667150232657605,-9.353604498594189
13.489721956406168,0.6489056544829732,0.5858401431570215,-9.348905654482973
13.497718234981393,0.6442068103717582,0.6049652630482825,-9.344206810371759
13.505714513556619,0.6395079662605432,0.6240903829395434,-9.339507966260543
13.513710792131846,0.6348091221493272,0.6432155028308086,-9.334809122149327
13.521707070707071,0.6301102780381123,0.6623406227220696,-9.330110278038113
13.529703349282297,2.196540669859811,-0.7453540669883971,-10.824291866035889
13.537699627857524,-1.3810154173312257,-1.7182663122452506,-10.300327839801485
13.54569590643275,-1.5869195906432851,-1.6184461013645175,-9.881189571150076
13.553692185007975,-1.7928237639553448,-1.5186258904837844,-9.462051302498667
13.5616884635832,-1.9987279372674045,-1.4188056796030513,-9.042913033847258
13.569684742158428,-2.2046321105795097,-1.318985468722296,-8.623774765195755
13.577681020733653,-2.4105362838915694,-1.2191652578415628,-8.204636496544346
13.585677299308879,-2.616440457203629,-1.1193450469608297,-7.785498227892936
13.593673577884104,-2.8223446305156887,-1.0195248360800964,-7.366359959241526
13.601669856459331,-0.11748165869198188,0.23458213716096343,-9.84854704944187
13.609666135034557,0.6917592189840954,-0.9097611390108175,-9.409937412401533
13.617662413609782,0.6670434488424896,-0.9390367704887088,-9.439741723454645
13.62565869218501,0.6423276787008783,-0.9683124019666067,-9.469546034507765
13.633654970760235,0.6176119085592724,-0.9975880334444982,-9.499350345560877
13.64165124933546,0.5928961384176665,-1.0268636649223897,-9.52915465661399
13.649647527910686,0.5681803682760608,-1.056139296400281,-9.558958967667104
13.657643806485913,0.5434645981344495,-1.0854149278781788,-9.588763278720224
13.665640085061138,0.5187488279928436,-1.1146905593560703,-9.618567589773336
13.673636363636364,0.49403305785123774,-1.1439661908339618,-9.648371900826449
13.681632642211591,0.46931728770962644,-1.1732418223118595,-9.678176211879569
13.689628920786816,0.4446015175680206,-1.202517453789751,-9.707980522932681
13.697625199362042,0.41988574742641477,-1.2317930852676424,-9.737784833985796
13.705621477937267,0.39516997728480896,-1.261068716745534,-9.767589145038908
13.713617756512495,0.3704542071431976,-1.2903443482234316,-9.797393456092028
13.72161403508772,0.3457384370015918,-1.319619979701323,-9.82719776714514
13.729610313662945,0.3982340700235689,-1.2180856687172041,-9.880675780360002
13.737606592238173,1.012044125465001,-0.8711868686868107,-9.175433014354017
13.745602870813398,-0.0894017366648774,-1.1938229665071882,-9.908431744344025
13.753599149388624,0.00892287396382127,-1.2577931951089922,-9.907444549458194
13.761595427963849,0.10724748459251995,-1.321763423710796,-9.906457354572364
13.769591706539076,0.20557209522124045,-1.3857336523126143,-9.905470159686534
13.777587985114302,0.3038967058499391,-1.4497038809144183,-9.904482964800703
13.785584263689527,0.4022213164786378,-1.513674109516222,-9.903495769914873
13.793580542264753,0.5005459271073365,-1.577644338118026,-9.902508575029042
13.80157682083998,0.5988705377360569,-1.641614566719844,-9.901521380143212
13.809573099415205,0.6971951483647556,-1.705584795321648,-9.900534185257381
13.81756937799043,0.7955197589934543,-1.769555023923452,-9.899546990371551
13.825565656565658,0.8716167929293063,-1.5883120791244454,-9.924405303030317
13.833561935140883,0.9200942317916105,-1.102371566542516,-9.9813787878788
13.841558213716109,0.9685716706539147,-0.6164310539605866,-10.03835227272728
13.849554492291334,1.0170491095162189,-0.13049054137865745,-10.095325757575761
13.857550770866562,1.0655265483785339,0.35544997120337984,-10.152299242424256
13.865547049441787,1.1140039872408383,0.841390483785309,-10.209272727272737
13.873543328017012,1.0926988443996628,1.1701851758583213,-10.099453370267737
13.88153960659224,0.983696941716303,1.3014924871988938,-9.780023084025768
13.889535885167465,0.938267942583882,1.0751387559799315,-8.948794258371784
13.89753216374269,0.7939700292397132,-0.32463669590651206,-9.56187938596528
13.905528442317916,0.9575654750327678,0.038519404572090576,-10.112028980433355
13.913524720893143,1.2399706305676195,0.6062551834132182,-10.21617563309607
13.921520999468369,1.5223757861024083,1.1739909622542197,-10.32032228575876
13.929517278043594,1.8047809416371972,1.7417267410952213,-10.424468938421452
13.937513556618821,2.0871860971720486,2.3094625199363494,-10.528615591084167
13.945509835194047,-1.4331658692181544,2.1388883572569743,-11.360933014353801
13.953506113769272,-1.073872108077662,2.1189953779278747,-11.200238021077647
13.961502392344498,-0.8681325640303931,1.9975460174500401,-11.165336616943428
13.969498670919725,-0.6623930199830782,1.8760966569721784,-11.130435212809202
13.97749494949495,-0.4566534759358092,1.7546472964943438,-11.095533808674983
13.985491228070176,-0.25091393188854005,1.6331979360165092,-11.060632404540764
13.993487506645401,-0.045174387841270924,1.5117485755386744,-11.025731000406545
14.001483785220628,0.16056515620604395,1.3902992150608127,-10.990829596272317
14.009480063795854,0.3663047002533131,1.268849854582978,-10.9559281921381
14.01747634237108,0.5720442443005822,1.1474004941051432,-10.92102678800388
14.025472620946307,0.7777837883478971,1.0259511336272815,-10.886125383869652
14.033468899521532,0.20829186602852423,1.2914105263158275,-10.955064114832549
14.041465178096757,-0.456437001594978,-0.47931791600273577,-9.951048910153782
14.049461456671983,-0.46778932869363427,-0.959005123000339,-9.542883910879125
14.05745773524721,-0.41719469334492354,-1.0050927649702852,-9.406656401333889
14.065454013822436,-0.36660005799622414,-1.0511804069402213,-9.270428891788685
14.073450292397661,-0.3160054226475247,-1.0972680489101572,-9.134201382243479
14.081446570972888,-0.265410787298814,-1.1433556908801035,-8.997973872698244
14.089442849548114,-0.21481615195011455,-1.1894433328500393,-8.861746363153038
14.097439128123339,0.0762769803300414,-1.1469308878254727,-8.838171185539792
14.105435406698565,-11.789111543062202,-1.8286466307814997,-11.682230213317375
14.113431685273792,-11.825594564061676,-1.8504698077263908,-11.24301795365932
14.121427963849017,-11.862077585061142,-1.8722929846712768,-10.803805694001365
14.129424242424243,-11.898560606060608,-1.894116161616163,-10.36459343434341
14.13742052099947,-11.935043627060082,-1.915939338561054,-9.925381174685356
14.145416799574695,-11.971526648059548,-1.93776251550594,-9.4861689150274
14.15341307814992,-12.008009669059014,-1.9595856924508261,-9.046956655369446
14.161409356725146,-12.04449269005848,-1.9814088693957121,-8.607744395711489
14.169405635300373,-12.080975711057954,-2.003232046340603,-8.168532136053436
14.177401913875599,-12.11745873205742,-2.0250552232854893,-7.72931987639548
14.185398192450824,-12.153941753056886,-2.0468784002303755,-7.290107616737525
14.19339447102605,-12.190424774056352,-2.0687015771752613,-6.850895357079569
14.201390749601277,-11.346364832535464,-2.1766415470494866,-6.512517942583718
14.209387028176502,-8.437718500797319,-2.4864973418394607,-6.410565390749596
14.217383306751728,-2.9461702908416174,-0.7365215051672418,-6.165884104199871
14.225379585326955,-2.4673687322517965,-1.1152720659743425,-5.933992025518284
14.23337586390218,-1.9885671736620822,-1.4940226267813588,-5.702099946836748
14.241372142477406,-1.5097656150723677,-1.8727731875883753,-5.470207868155212
14.249368421052631,-1.0309640564826532,-2.2515237483953916,-5.238315789473677
14.257364699627859,-0.5521624978928323,-2.630274309202492,-5.006423710792089
14.265360978203084,-0.07336093930311804,-3.009024870009509,-4.774531632110553
14.27335725677831,0.4054406192865967,-3.387775430816525,-4.542639553429018
14.281353535353537,0.8842421778764176,-3.7665259916236256,-4.31074747474743
14.289349813928762,1.3630437364661319,-4.1452765524306425,-4.078855396065894
14.297346092503988,1.8418452950558466,-4.524027113237659,-3.846963317384358
14.305342371079213,14.159034821903267,2.2553216374267655,-20.632134768740038
14.31333864965444,13.713872507201648,3.4401740786073383,-20.167324406859073
14.321334928229666,13.009084232780616,3.2356181150550603,-18.824693446088666
14.329331206804891,12.304295958359585,3.0310621515027822,-17.48206248531826
14.337327485380118,11.599507683938398,2.8265061879504585,-16.139431524547554
14.345323763955344,10.894719409517366,2.62195022439818,-14.796800563777147
14.35332004253057,10.189931135096336,2.417394260845902,-13.45416960300674
14.361316321105795,9.485142860675303,2.212838297293624,-12.111538642236333
14.369312599681022,8.780354586254116,2.0082823337413003,-10.768907681465627
14.377308878256247,8.075566311833086,1.803726370189022,-9.426276720695219
14.385305156831473,7.370778037412054,1.599170406636744,-8.083645759924812
14.393301435406698,6.665989762991024,1.3946144430844658,-6.741014799154405
14.401297713981926,-5.428740031896741,-4.757501329078779,-8.780191387561032
14.409293992557151,1.9571116427438984,0.2699064327471179,-14.497939393939081
14.417290271132376,2.3597021210288007,-1.375754000989935,-13.94782289317861
14.425286549707604,2.0358068831081018,-1.5751094978826694,-13.697548564898797
14.43328282828283,1.7119116451874747,-1.7744649947753595,-13.44727423661904
14.441279106858055,1.3880164072668475,-1.9738204916680497,-13.196999908339281
14.44927538543328,1.0641211693462205,-2.1731759885607396,-12.946725580059523
14.457271664008507,0.7402259314255215,-2.3725314854534743,-12.69645125177971
14.465267942583733,0.41633069350489427,-2.5718869823461645,-12.446176923499952
14.473264221158958,0.09243545558426725,-2.771242479238855,-12.195902595220193
14.481260499734185,-0.23145978233643172,-2.970597976131589,-11.945628266940378
14.48925677830941,-0.5553550202570587,-3.169953473024279,-11.69535393866062
14.497253056884636,-0.8812310827574252,-3.3118825093034503,-11.328622541201216
14.505249335459862,1.492757575757556,-1.9980483785220748,-9.87953056884636
14.513245614035089,1.3512430514488127,-0.5552931204415769,-9.197202444313035
14.521241892610314,1.2205173736178805,-0.6456780220896304,-9.21732790949113
14.52923817118554,1.0897916957869482,-0.7360629237376839,-9.237453374669226
14.537234449760767,0.959066017955987,-0.8264478253857575,-9.257578839847325
14.545230728335993,0.8283403401250548,-0.916832727033811,-9.27770430502542
14.553227006911218,0.6976146622941225,-1.0072176286818646,-9.297829770203515
14.561223285486443,0.5668889844631902,-1.097602530329918,-9.31795523538161
14.56921956406167,0.436163306632229,-1.1879874319779915,-9.338080700559711
14.577215842636896,0.30543762880129677,-1.278372333626045,-9.358206165737807
14.585212121212122,0.17471195097036452,-1.3687572352740984,-9.378331630915902
14.593208399787347,0.043986273139432264,-1.459142136922152,-9.398457096093997
14.601204678362574,0.7869345029239162,-1.5937122807017416,-9.236252631579271
14.6092009569378,0.1872014885699057,-1.1951967038809308,-10.732635300372122
14.617197235513025,0.1625018725264315,-1.2976379171835413,-10.600519008801452
14.625193514088252,0.1378022564829518,-1.4000791304861746,-10.468402717230752
14.633189792663478,0.11310264043947761,-1.5025203437887853,-10.336286425660084
14.641186071238703,0.08840302439600342,-1.604961557091396,-10.204170134089415
14.649182349813929,0.06370340835252922,-1.7074027703940065,-10.072053842518745
14.657178628389156,0.039003792309049545,-1.8098439836966398,-9.939937550948045
14.665174906964381,0.014304176265575341,-1.9122851969992505,-9.807821259377375
14.673171185539607,-0.010395439777898863,-2.014726410301861,-9.675704967806706
14.681167464114834,-0.035095055821378535,-2.1171676236044945,-9.543588676236007
14.68916374269006,-0.05979467186485271,-2.219608836907105,-9.411472384665338
14.697160021265285,-0.0741586921849332,-2.3482437533229152,-9.250955874534586
14.70515629984051,0.40677640246862157,-1.0349894251438858,-9.63165408085431
14.713152578415738,0.4464970471303479,-1.1367681448350926,-9.665116768370206
14.721148856990963,0.4862176917920653,-1.2385468645262767,-9.698579455886094
14.729145135566188,0.5259383364537829,-1.3403255842174608,-9.732042143401983
14.737141414141416,0.565658981115509,-1.4421043039086676,-9.76550483091788
14.745137692716641,0.6053796257772266,-1.543883023599852,-9.798967518433768
14.753133971291867,0.645100270438944,-1.645661743291036,-9.832430205949658
14.761130249867092,0.6848209151006615,-1.7474404629822202,-9.865892893465546
14.76912652844232,0.7245415597623879,-1.8492191826734272,-9.899355580981442
14.777122807017545,0.7642622044241052,-1.9509979023646113,-9.932818268497332
14.78511908559277,0.8039828490858227,-2.0527766220557955,-9.96628095601322
14.793115364167997,0.843703493747549,-2.1545553417470025,-9.999743643529117
14.801111642743223,-0.14640829346100603,-2.2780095693779963,-10.312723551302522
14.809107921318448,0.8641556232178179,-1.257941937864953,-9.562468811648442
14.817104199893674,0.8285358368372683,-1.2860941252454987,-9.49678037442717
14.825100478468901,0.7929160504567108,-1.3142463126260506,-9.431091937205881
14.833096757044126,0.7572962640761612,-1.3423985000065963,-9.365403499984609
14.841093035619352,0.7216764776956117,-1.370550687387142,-9.299715062763335
14.849089314194577,0.6860566913150621,-1.3987028747676875,-9.23402662554206
14.857085592769804,0.6504369049345046,-1.4268550621482394,-9.168338188320774
14.86508187134503,0.614817118553955,-1.4550072495287851,-9.1026497510995
14.873078149920255,0.5791973321734054,-1.4831594369093308,-9.036961313878228
14.881074428495483,0.543577545792848,-1.5113116242898827,-8.97127287665694
14.889070707070708,0.5079577594122984,-1.5394638116704285,-8.905584439435666
14.897066985645933,0.4723379730317488,-1.5676159990509742,-8.839896002214394
14.905063264221159,0.4367181866511992,-1.5957681864315199,-8.77420756499312
14.913059542796386,0.40109840027064175,-1.6239203738120718,-8.708519127771831
14.921055821371612,0.3654786138900922,-1.6520725611926175,-8.642830690550559
14.929052099946837,0.31426368952684497,-1.1697703349282262,-8.46089845826687
14.937048378522064,0.03247464231674979,-1.960534582376684,-10.140822680243716
14.94504465709729,0.04372215503794611,-1.9417301470459338,-10.04794282910071
14.953040935672515,0.05496966775914243,-1.922925711715184,-9.955062977957708
14.96103721424774,0.06621718048033876,-1.9041212763844337,-9.862183126814703
14.969033492822968,0.07746469320153757,-1.8853168410536796,-9.769303275671678
14.977029771398193,0.08871220592273388,-1.8665124057229294,-9.676423424528675
14.985026049973419,0.0999597186439302,-1.8477079703921793,-9.58354357338567
14.993022328548646,0.11120723136512901,-1.828903535061425,-9.490663722242646
15.001018607123871,0.12245474408632534,-1.810099099730675,-9.39778387109964
15.009014885699097,0.13370225680752165,-1.7912946643999248,-9.304904019956638
15.017011164274322,0.14494976952871796,-1.7724902290691746,-9.212024168813635
15.02500744284955,0.15619728224991677,-1.7536857937384205,-9.119144317670608
15.033003721424775,0.13243717880558703,-1.8371205032784141,-9.482153110047884
15.041,0.10799999999999998,-1.71,-9.741
