accel_time_list,vertical_Accel_x,vertical_Accel_y,vertical_Accel_z
0.0,2.625,9.102,0.033
0.007998371335504885,2.687828482364891,10.160072624426466,0.4648398830163567
0.01599674267100977,2.7380548141921475,10.12025277573465,0.45907761549507903
0.023995114006514655,2.7882811460194037,10.080432927042835,0.4533153479738013
0.03199348534201954,2.8385074778466604,10.040613078351022,0.44755308045252357
0.039991856677524425,2.888733809673917,10.000793229659207,0.4417908129312459
0.04799022801302931,2.9389601415011732,9.960973380967392,0.43602854540996816
0.055988599348534195,2.98918647332843,9.921153532275577,0.43026627788869043
0.06398697068403908,3.0394128051556866,9.881333683583762,0.4245040103674127
0.07198534201954396,3.089639136982943,9.841513834891948,0.418741742846135
0.07998371335504885,3.1398654688101995,9.801693986200133,0.4129794753248573
0.08798208469055374,3.1900918006374557,9.761874137508318,0.4072172078035796
0.09598045602605862,3.2403181324647123,9.722054288816503,0.4014549402823019
0.1039788273615635,2.967906402687296,8.964462388029316,0.693816164495114
0.11197719869706839,2.979654010586319,8.986541225570033,0.6688212540716613
0.11997557003257328,2.991401618485342,9.00862006311075,0.6438263436482085
0.12797394136807816,3.0031492263843647,9.030698900651466,0.6188314332247558
0.13597231270358304,3.0148968342833875,9.052777738192182,0.593836522801303
0.14397068403908792,3.0266444421824104,9.074856575732898,0.5688416123778502
0.15196905537459282,3.038392050081433,9.096935413273615,0.5438467019543974
0.1599674267100977,3.050139657980456,9.119014250814333,0.5188517915309447
0.16796579804560258,3.0618872658794785,9.14109308835505,0.49385688110749193
0.17596416938110748,3.0736348737785013,9.163171925895766,0.4688619706840391
0.18396254071661236,3.085382481677524,9.185250763436482,0.4438670602605864
0.19196091205211724,3.097130089576547,9.207329600977198,0.41887214983713367
0.19995928338762212,3.1522850162866454,9.556583876221497,-0.17600732899023838
0.207957654723127,2.8708169788273614,9.486535423452768,0.3790326411509228
0.2159560260586319,2.8640683530130295,9.468039189739413,0.3984453549131378
0.22395439739413678,2.857319727198697,9.449542956026058,0.4178580686753528
0.23195276872964166,2.850571101384365,9.431046722312702,0.43727078243756773
0.23995114006514656,2.8438224755700325,9.412550488599349,0.45668349619978277
0.24794951140065144,2.8370738497557,9.394054254885994,0.47609620996199775
0.2559478827361563,2.8303252239413683,9.375558021172639,0.49550892372421274
0.2639462540716612,2.823576598127036,9.357061787459283,0.5149216374864277
0.2719446254071661,2.8168279723127037,9.338565553745928,0.5343343512486427
0.279942996742671,2.8100793464983713,9.320069320032573,0.5537470650108577
0.28794136807817583,2.803330720684039,9.301573086319218,0.5731597787730726
0.29593973941368074,2.796582094869707,9.283076852605863,0.5925724925352877
0.30393811074918564,2.802320846905538,9.499938110749186,0.011356677524433367
0.3119364820846905,2.8069233141589853,9.477119291011158,0.016886132095086166
0.3199348534201954,2.813900616813362,9.45406015662901,0.033903943447224257
0.3279332247557003,2.8208779194677382,9.431001022246864,0.050921754799362354
0.33593159609120515,2.827855222122115,9.407941887864716,0.06793956615150033
0.34392996742671006,2.8348325247764916,9.38488275348257,0.08495737750363842
0.35192833876221497,2.8418098274308683,9.361823619100422,0.10197518885577651
0.3599267100977198,2.848787130085245,9.338764484718276,0.11899300020791449
0.3679250814332247,2.8557644327396217,9.315705350336128,0.1360108115600526
0.37592345276872957,2.8627417353939983,9.292646215953981,0.15302862291219055
0.3839218241042345,2.869719038048375,9.269587081571833,0.17004643426432864
0.3919201954397394,2.8766963407027513,9.246527947189687,0.18706424561646676
0.39991856677524423,2.787416938110745,9.166413680781762,0.2918566775244211
0.40791693811074914,2.8269307817589575,9.199682919381107,0.552577463355049
0.415915309446254,2.833596091205212,9.218179153094463,0.5330814332247559
0.4239136807817589,2.8402614006514657,9.236675386807818,0.5135854030944627
0.4319120521172638,2.84692671009772,9.255171620521173,0.4940893729641695
0.43991042345276865,2.853592019543974,9.273667854234528,0.47459334283387644
0.44790879478827356,2.860257328990228,9.292164087947882,0.4550973127035832
0.45590716612377846,2.866922638436482,9.310660321661237,0.43560128257329
0.4639055374592833,2.8735879478827364,9.329156555374592,0.4161052524429969
0.4719039087947882,2.8802532573289903,9.347652789087947,0.39660922231270374
0.4799022801302931,2.886918566775244,9.366149022801302,0.3771131921824105
0.487900651465798,2.8935838762214985,9.384645256514657,0.35761716205211747
0.4958990228013029,2.9002491856677524,9.403141490228013,0.33812113192182425
0.5038973941368078,2.667411237785017,9.463514657980458,0.2897394136807782
0.5118957654723126,2.648536489015178,9.451944209577933,0.30562783283664835
0.5198941368078175,2.6318590338900827,9.444796728810035,0.3113287996396146
0.5278925081433224,2.6151815787649872,9.437649248042137,0.3170297664425809
0.5358908794788273,2.598504123639892,9.430501767274238,0.32273073324554713
0.5438892508143321,2.581826668514797,9.423354286506342,0.32843170004851335
0.5518876221498371,2.5651492133897014,9.416206805738444,0.33413266685147963
0.559885993485342,2.548471758264606,9.409059324970546,0.33983363365444585
0.5678843648208468,2.531794303139511,9.401911844202647,0.3455346004574121
0.5758827361563517,2.5151168480144155,9.39476436343475,0.3512355672603783
0.5838811074918566,2.49843939288932,9.387616882666851,0.35693653406334463
0.5918794788273615,2.481761937764225,9.380469401898953,0.36263750086631086
0.5998778501628663,2.6867785016286634,9.492128664495105,0.3601384364820934
0.6078762214983713,2.782616178067318,9.497735206297502,0.2918589847991314
0.6158745928338761,2.758954329533116,9.49465250067861,0.28077790784473405
0.623872964169381,2.7352924809989143,9.491569795059718,0.26969683089033675
0.631871335504886,2.711630632464712,9.488487089440826,0.2586157539359392
0.6398697068403908,2.6879687839305104,9.485404383821932,0.24753467698154188
0.6478680781758956,2.6643069353963087,9.48232167820304,0.23645360002714455
0.6558664495114006,2.6406450868621065,9.479238972584147,0.22537252307274702
0.6638648208469055,2.6169832383279044,9.476156266965255,0.2142914461183497
0.6718631921824103,2.5933213897937026,9.473073561346363,0.20321036916395235
0.6798615635179153,2.5696595412595005,9.46999085572747,0.19212929220955483
0.6878599348534201,2.5459976927252987,9.466908150108576,0.18104821525515752
0.695858306188925,2.522335844191097,9.463825444489684,0.16996713830076016
0.7038566775244299,2.5624773467574773,9.372480604086467,0.3724903760734379
0.7118550488599348,2.6170116967722827,9.37102635475274,0.20307032869410804
0.7198534201954396,2.703740869898447,9.333026403525581,0.206837095228971
0.7278517915309445,2.7910642651849,9.294351925656256,0.21380038321517522
0.7358501628664494,2.878387660471354,9.255677447786933,0.22076367120137955
0.7438485342019543,2.965711055757807,9.21700296991761,0.22772695918758376
0.7518469055374591,3.0530344510442595,9.178328492048287,0.23469024717378797
0.7598452768729641,3.140357846330714,9.139654014178962,0.24165353515999227
0.767843648208469,3.2276812416171667,9.100979536309639,0.24861682314619651
0.7758420195439738,3.3150046369036197,9.062305058440316,0.2555801111324007
0.7838403908794788,3.4023280321900735,9.023630580570991,0.262543399118605
0.7918387622149836,3.4896514274765265,8.984956102701668,0.26950668710480924
0.7998371335504885,3.647,8.986,0.496
0.8078355048859934,3.5283536669627873,8.987453048399303,0.7043927384595134
0.8158338762214983,3.528838416740697,8.975738262099826,0.730973184614878
0.8238322475570031,3.5293231665186062,8.96402347580035,0.7575536307702426
0.831830618892508,3.5298079162965155,8.952308689500873,0.7841340769256072
0.8398289902280129,3.530292666074425,8.940593903201396,0.8107145230809722
0.8478273615635178,3.5307774158523344,8.92887911690192,0.8372949692363368
0.8558257328990226,3.5312621656302436,8.917164330602443,0.8638754153917014
0.8638241042345276,3.531746915408153,8.905449544302966,0.8904558615470664
0.8718224755700325,3.5322316651860626,8.893734758003488,0.917036307702431
0.8798208469055373,3.532716414963972,8.882019971704011,0.9436167538577955
0.8878192182410423,3.533201164741881,8.870305185404534,0.9701972000131606
0.8958175895765471,3.5336859145197907,8.858590399105058,0.9967776461685252
0.903815960912052,3.2791750814332206,8.78888029315961,1.176762214983687
0.9118143322475569,3.226211306083852,8.613805190711359,1.4204941683303567
0.9198127035830618,3.0572994641168467,8.581897709362195,1.395036986445309
0.9278110749185666,2.888387622149841,8.54999022801303,1.3695798045602612
0.9358094462540716,2.7194757801828326,8.518082746663865,1.3441226226752132
0.9438078175895764,2.550563938215827,8.486175265314701,1.3186654407901655
0.9518061889250813,2.3816520962488212,8.454267783965536,1.2932082589051177
0.9598045602605862,2.2127402542818135,8.42236030261637,1.2677510770200697
0.9678029315960911,2.0438284123148076,8.390452821267207,1.242293895135022
0.975801302931596,1.874916570347802,8.358545339918042,1.2168367132499742
0.9837996742671008,1.706004728380796,8.326637858568878,1.1913795313649265
0.9917980456026058,1.537092886413788,8.294730377219713,1.1659223494798785
0.9997964169381106,1.4164584690553708,8.269185667752442,1.2580822475569895
1.0077947882736156,1.9624853420195434,8.034118659841788,2.0365486272684947
1.0157931596091203,2.0088114730365545,8.00172879116902,2.180296796959825
1.0237915309446253,2.005789866087586,8.009638291711907,2.2152230184581967
1.0317899022801302,2.002768259138618,8.017547792254796,2.2501492399565683
1.039788273615635,1.9997466521896492,8.025457292797684,2.285075461454939
1.04778664495114,1.9967250452406806,8.033366793340573,2.3200016829533108
1.055785016286645,1.993703438291712,8.041276293883461,2.3549279044516824
1.0637833876221496,1.9906818313427437,8.049185794426348,2.389854125950053
1.0717817589576546,1.987660224393775,8.057095294969237,2.424780347448425
1.0797801302931596,1.9846386174448065,8.065004795512126,2.4597065689467965
1.0877785016286643,1.9816170104958382,8.072914296055012,2.4946327904451673
1.0957768729641693,1.9785954035468696,8.080823796597901,2.529559011943539
1.1037752442996742,1.699313888066332,8.261231566479118,2.550528871779692
1.111773615635179,1.6331455433817013,8.55062718389102,2.156427302339364
1.119771986970684,1.4130684039088015,8.927794788273605,1.6074495114006675
1.1277703583061889,1.4708139298716216,8.901610864150221,1.6554482659513303
1.1357687296416936,1.5375297566583612,8.863124583253498,1.7217876987928697
1.1437671009771986,1.6042455834451026,8.824638302356774,1.788127131634411
1.1517654723127033,1.6709614102318422,8.786152021460051,1.8544665644759502
1.1597638436482083,1.7376772370185836,8.747665740563328,1.9208059973174914
1.1677622149837132,1.8043930638053252,8.709179459666604,1.9871454301590326
1.175760586319218,1.8711088905920648,8.67069317876988,2.053484863000572
1.183758957654723,1.9378247173788061,8.632206897873157,2.119824295842113
1.191757328990228,2.0045405441655477,8.593720616976432,2.1861637286836544
1.1997557003257326,2.071256370952287,8.55523433607971,2.2525031615251936
1.2077540716612376,1.6223697068404768,8.597182410423473,2.2611074918566088
1.2157524429967426,-0.43589788981730565,8.565813340886562,2.888250460274747
1.2237508143322473,-0.5108391516782305,8.363941403483931,3.094382399801722
1.2317491856677523,-0.5857804135391572,8.162069466081295,3.300514339328703
1.2397475570032572,-0.6607216754000841,7.96019752867866,3.506646278855684
1.247745928338762,-0.7356629372610088,7.75832559127603,3.712778218382659
1.255744299674267,-0.8106041991219357,7.556453653873394,3.91891015790964
1.263742671009772,-0.8855454609828626,7.354581716470758,4.125042097436621
1.2717410423452766,-0.9604867228437873,7.152709779068127,4.331174036963596
1.2797394136807816,-1.035427984704714,6.950837841665492,4.537305976490577
1.2877377850162866,-1.1103692465656412,6.748965904262856,4.743437916017558
1.2957361563517913,-1.1853105084265658,6.547093966860226,4.949569855544533
1.3037345276872963,-1.1324967426710015,4.908307003257379,6.80655700325727
1.3117328990228012,-1.1271860707209787,4.004552805668424,8.420663991403337
1.319731270358306,-0.9027369287081549,3.94971861043017,8.457275093186473
1.327729641693811,-0.6782877866953249,3.8948844151919144,8.493886194969608
1.3357280130293159,-0.4538386446824949,3.8400502199536586,8.530497296752744
1.3437263843648206,-0.22938950266967106,3.7852160247154045,8.56710839853588
1.3517247557003256,-0.004940360656841225,3.7303818294771487,8.603719500319016
1.3597231270358305,0.21950878135598884,3.6755476342388933,8.640330602102152
1.3677214983713353,0.4439579233688127,3.620713439000639,8.676941703885287
1.3757198697068402,0.6684070653816425,3.5658792437623834,8.713552805668423
1.3837182410423452,0.8928562073944726,3.5110450485241276,8.75016390745156
1.39171661237785,1.1173053494072962,3.4562108532858735,8.786775009234695
1.399714983713355,1.3417544914201265,3.4013766580476177,8.82338611101783
1.4077133550488599,1.961275244299649,-1.374241042345208,9.432086319218227
1.4157117263843646,2.629511292073819,-2.1280833695258816,9.4911719145856
1.4237100977198696,3.0555578718783827,-2.011396018820126,9.350756062251179
1.4317084690553743,3.481604451682935,-1.8947086681143734,9.210340209916763
1.4397068403908793,3.907651031487499,-1.778021317408618,9.069924357582343
1.4477052117263842,4.333697611292063,-1.6613339667028622,8.929508505247922
1.455703583061889,4.759744191096615,-1.54464661599711,8.789092652913506
1.463701954397394,5.185790770901178,-1.4279592652913542,8.648676800579086
1.4717003257328989,5.611837350705743,-1.3112719145855987,8.508260948244665
1.4796986970684036,6.037883930510295,-1.1945845638798462,8.36784509591025
1.4876970684039086,6.463930510314858,-1.0778972131740907,8.227429243575829
1.4956954397394135,6.889977090119423,-0.961209862468335,8.087013391241408
1.5036938110749183,6.723351791530966,-1.155200651465783,7.771309771986987
1.5116921824104232,7.786313517915187,-3.892296416937958,5.325320032573444
1.5196905537459282,8.273218802650787,-3.962614287318884,4.63404751207459
1.527688925081433,8.597934291811738,-3.810369426036173,4.143204930922178
1.535687296416938,8.922649780972698,-3.6581245647534577,3.652362349769753
1.5436856677524429,9.247365270133658,-3.5058797034707423,3.1615197686173278
1.5516840390879476,9.572080759294609,-3.3536348421880318,2.670677187464916
1.5596824104234526,9.89679624845557,-3.2013899809053163,2.179834606312491
1.5676807817589575,10.22151173761653,-3.049145119622601,1.6889920251600654
1.5756791530944623,10.54622722677748,-2.8969002583398904,1.198149444007654
1.5836775244299672,10.87094271593844,-2.744655397057175,0.707306862855229
1.5916758957654722,11.1956582050994,-2.5924105357744596,0.21646428170280352
1.599674267100977,11.359832247557051,-2.6434804560259897,-0.49528990228003533
1.607672638436482,10.36048302495047,-3.528329242083351,-0.9462717351153496
1.6156710097719869,10.294022331172975,-3.435399711205886,-0.9512191813022598
1.6236693811074916,10.227561637395484,-3.3424701803284234,-0.9561666274891699
1.6316677524429966,10.161100943617988,-3.2495406494509584,-0.9611140736760803
1.6396661237785015,10.094640249840493,-3.156611118573494,-0.9660615198629905
1.6476644951140063,10.028179556063,-3.0636815876960313,-0.9710089660499007
1.6556628664495112,9.961718862285506,-2.970752056818567,-0.975956412236811
1.663661237785016,9.895258168508013,-2.877822525941104,-0.9809038584237212
1.671659609120521,9.828797474730518,-2.784892995063639,-0.9858513046106314
1.6796579804560259,9.762336780953023,-2.6919634641861743,-0.9907987507975418
1.6876563517915306,9.695876087175531,-2.599033933308712,-0.9957461969844519
1.6956547231270356,9.629415393398036,-2.506104402431247,-1.0006936431713622
1.7036530944625405,9.36956872964171,-2.5076742671009726,-1.0013469055374595
1.7116514657980453,9.764600457412154,-3.2077090581467904,-1.8383550488599267
1.7196498371335502,9.784511296694156,-3.1555494663524866,-2.0023216612377785
1.7276482084690552,9.804422135976157,-3.103389874558183,-2.166288273615631
1.73564657980456,9.824332975258159,-3.0512302827638806,-2.330254885993478
1.743644951140065,9.844243814540162,-2.9990706909695772,-2.49422149837133
1.7516433224755699,9.864154653822164,-2.9469110991752734,-2.658188110749182
1.7596416938110746,9.884065493104165,-2.894751507380971,-2.822154723127029
1.7676400651465796,9.903976332386167,-2.8425919155866675,-2.9861213355048815
1.7756384364820845,9.923887171668168,-2.7904323237923636,-3.1500879478827333
1.7836368078175893,9.94379801095017,-2.7382727319980615,-3.3140545602605807
1.7916351791530942,9.963708850232171,-2.6861131402037577,-3.4780211726384325
1.7996335504885992,9.983619689514173,-2.633953548409454,-3.6419877850162843
1.807631921824104,10.071967426710616,-3.983302931595859,-5.513175895765992
1.8156302931596089,9.44064780533428,-4.141020785629055,-4.916137227077756
1.8236286644951138,9.40778321024285,-4.024688038184928,-4.921522269165027
1.8316270358306186,9.374918615151419,-3.9083552907408055,-4.926907311252298
1.8396254071661235,9.342054020059987,-3.792022543296679,-4.932292353339568
1.8476237785016285,9.309189424968556,-3.675689795852552,-4.937677395426839
1.8556221498371333,9.276324829877126,-3.5593570484084287,-4.94306243751411
1.8636205211726382,9.243460234785694,-3.4430243009643022,-4.94844747960138
1.8716188925081432,9.210595639694263,-3.3266915535201758,-4.953832521688651
1.879617263843648,9.177731044602833,-3.2103588060760524,-4.959217563775922
1.8876156351791529,9.144866449511403,-3.0940260586319255,-4.964602605863192
1.8956140065146578,9.11200185441997,-2.9776933111877986,-4.969987647950463
1.9036123778501626,9.07913725932854,-2.861360563743675,-4.975372690037733
1.9116107491856675,8.434850162866486,-2.621925081433243,-3.3239511400654016
1.9196091205211725,8.422023393544565,-3.037472016582757,-3.157380811371032
1.9276074918566772,8.465004350248584,-3.223146279787418,-3.3030231656094653
1.9356058631921822,8.489315189439397,-3.1938890793759653,-3.263136550660039
1.943604234527687,8.513626028630206,-3.164631878964514,-3.2232499357106144
1.951602605863192,8.537936867821017,-3.135374678553062,-3.183363320761188
1.9596009771986969,8.56224770701183,-3.106117478141609,-3.143476705811762
1.9675993485342016,8.586558546202639,-3.076860277730158,-3.1035900908623373
1.9755977198697066,8.61086938539345,-3.0476030773187053,-3.063703475912911
1.9835960912052115,8.63518022458426,-3.018345876907253,-3.0238168609634855
1.9915944625407163,8.659491063775071,-2.989088676495802,-2.98393024601406
1.9995928338762212,8.766775244299629,-3.0230618892507812,-3.0780162866448797
2.007591205211726,8.870527972732464,-3.383856157023407,-3.3721696665435323
2.015589576547231,8.816023607240002,-3.3590364686524063,-3.4616359850901626
2.023587947882736,8.761519241747541,-3.334216780281407,-3.551102303636788
2.0315863192182406,8.707014876255082,-3.309397091910408,-3.6405686221834133
2.039584690553746,8.65251051076262,-3.2845774035394073,-3.730034940730043
2.0475830618892505,8.598006145270158,-3.259757715168408,-3.8195012592766684
2.0555814332247553,8.543501779777698,-3.234938026797409,-3.9089675778232937
2.0635798045602605,8.488997414285235,-3.2101183384264083,-3.9984338963699235
2.071578175895765,8.434493048792776,-3.185298650055409,-4.087900214916549
2.07957654723127,8.379988683300315,-3.16047896168441,-4.177366533463174
2.087574918566775,8.325484317807852,-3.1356592733134088,-4.266832852009804
2.09557328990228,8.270979952315392,-3.1108395849424095,-4.356299170556429
2.1035716612377846,8.34200977198695,-2.98256134636267,-3.9995336590663113
2.11157003257329,8.812069218241042,-2.882044788273615,-3.3106596091205307
2.1195684039087945,8.806939827928055,-2.9101260267667457,-3.0545378487466497
2.1275667752442993,8.80181043761507,-2.9382072652598765,-2.7984160883727687
2.1355651465798045,8.796681047302082,-2.9662885037530087,-2.5422943279988734
2.143563517915309,8.791551656989094,-2.99436974224614,-2.286172567624992
2.151561889250814,8.786422266676109,-3.0224509807392708,-2.0300508072511114
2.159560260586319,8.781292876363121,-3.050532219232403,-1.773929046877216
2.167558631921824,8.776163486050134,-3.0786134577255337,-1.517807286503335
2.1755570032573286,8.771034095737148,-3.106694696218665,-1.2616855261294537
2.1835553745928338,8.76590470542416,-3.134775934711797,-1.0055637657555585
2.1915537459283385,8.760775315111175,-3.162857173204928,-0.7494420053816775
2.1995521172638433,8.890716612377748,-3.3054967426709205,-0.6153501628663697
2.2075504885993484,9.286110749185662,-3.782052117263831,-0.9835211726384147
2.215548859934853,9.253278430039018,-3.8011931846654976,-1.0263318180191146
2.223547231270358,9.208012921931491,-3.795040591330494,-1.0266833947811147
2.231545602605863,9.162747413823961,-3.78888799799549,-1.0270349715431148
2.239543973941368,9.117481905716435,-3.782735404660486,-1.027386548305115
2.2475423452768726,9.072216397608909,-3.7765828113254827,-1.0277381250671154
2.2555407166123778,9.026950889501379,-3.7704302179904787,-1.0280897018291155
2.2635390879478825,8.981685381393852,-3.764277624655475,-1.0284412785911157
2.2715374592833872,8.936419873286326,-3.7581250313204713,-1.028792855353116
2.2795358306188924,8.891154365178796,-3.7519724379854673,-1.0291444321151162
2.287534201954397,8.84588885707127,-3.745819844650464,-1.0294960088771163
2.295532573289902,8.800623348963743,-3.7396672513154603,-1.0298475856391165
2.3035309446254066,9.103667752443007,-3.6705765472312955,-0.8917752442996747
2.311529315960912,9.0434584513525,-3.521929436340461,-0.8879169027049993
2.3195276872964166,9.042502124344994,-3.54122985412831,-0.8860042486899874
2.3275260586319213,9.041545797337488,-3.560530271916158,-0.8840915946749753
2.3355244299674265,9.040589470329982,-3.5798306897040075,-0.8821789406599633
2.3435228013029312,9.039633143322476,-3.599131107491856,-0.8802662866449512
2.351521172638436,9.03867681631497,-3.6184315252797044,-0.8783536326299393
2.359519543973941,9.037720489307464,-3.637731943067554,-0.8764409786149271
2.367517915309446,9.036764162299958,-3.657032360855402,-0.8745283245999151
2.3755162866449506,9.03580783529245,-3.6763327786432507,-0.8726156705849031
2.383514657980456,9.034851508284945,-3.6956331964310998,-0.870703016569891
2.3915130293159605,9.033895181277439,-3.7149336142189484,-0.868790362554879
2.3995114006514653,9.013362214983733,-3.731568078175897,-0.8616814332247611
2.4075097719869705,8.915984752928132,-3.8709828123917074,-0.8675704484025238
2.415508143322475,8.868675237369189,-3.996233903943441,-0.8294505509737352
2.42350651465798,8.821365721810247,-4.121484995495175,-0.7913306535449467
2.431504885993485,8.7740562062513,-4.246736087046916,-0.753210756116156
2.43950325732899,8.726746690692357,-4.37198717859865,-0.7150908586873673
2.4475016286644946,8.679437175133415,-4.497238270150384,-0.6769709612585787
2.4555,8.632127659574468,-4.622489361702125,-0.638851063829788
2.4634983713355045,8.584818144015525,-4.747740453253859,-0.6007311664009994
2.4714967426710093,8.537508628456584,-4.872991544805593,-0.5626112689722108
2.4794951140065145,8.490199112897637,-4.998242636357334,-0.5244913715434201
2.487493485342019,8.442889597338693,-5.123493727909068,-0.4863714741146315
2.495491856677524,8.395580081779752,-5.248744819460802,-0.4482515766858429
2.503490228013029,8.33025895765469,-5.297802931596099,-0.3715472312703728
2.511488599348534,8.38743173470095,-5.280247349088641,-0.34116768313812473
2.5194869706840386,8.379348274308684,-5.278375389839906,-0.33921063483262887
2.527485342019544,8.371264813916419,-5.276503430591171,-0.33725358652713294
2.5354837133550485,8.363181353524153,-5.274631471342436,-0.3352965382216371
2.5434820846905533,8.355097893131887,-5.2727595120937005,-0.3333394899161412
2.5514804560260584,8.347014432739622,-5.270887552844965,-0.3313824416106453
2.559478827361563,8.338930972347356,-5.2690155935962295,-0.3294253933051494
2.567477198697068,8.330847511955092,-5.267143634347494,-0.3274683449996536
2.575475570032573,8.322764051562825,-5.265271675098759,-0.3255112966941576
2.583473941368078,8.31468059117056,-5.263399715850024,-0.32355424838866176
2.5914723127035826,8.306597130778295,-5.261527756601289,-0.32159720008316595
2.5994706840390878,8.271566775244303,-5.183034201954403,-0.29793973941368235
2.6074690553745925,8.329794322940897,-5.123331316891576,-0.29625546765937505
2.6154674267100972,8.328929478827359,-5.090689739413689,-0.36277166123778637
2.6234657980456024,8.342,-5.043,-0.355
2.631464169381107,8.342,-5.043,-0.355
2.639462540716612,8.342,-5.043,-0.355
2.647460912052117,8.342,-5.043,-0.355
2.655459283387622,8.342,-5.043,-0.355
2.6634576547231266,8.342,-5.043,-0.355
2.6714560260586317,8.342,-5.043,-0.355
2.6794543973941365,8.342,-5.043,-0.355
2.6874527687296412,8.342,-5.043,-0.355
2.6954511400651464,8.342,-5.043,-0.355
2.703449511400651,8.342,-5.043,-0.355
2.711447882736156,8.167458961234205,-4.922807083795682,-0.37254322225006203
2.719446254071661,8.181346243333213,-4.931332820274188,-0.3836178902530692
2.727444625407166,8.195233525432222,-4.939858556752693,-0.39469255825607574
2.7354429967426706,8.20912080753123,-4.948384293231198,-0.40576722625908224
2.7434413680781757,8.22300808963024,-4.956910029709704,-0.4168418942620894
2.7514397394136805,8.236895371729247,-4.965435766188209,-0.42791656226509595
2.759438110749185,8.250782653828256,-4.973961502666714,-0.4389912302681025
2.7674364820846904,8.264669935927264,-4.982487239145219,-0.45006589827110965
2.775434853420195,8.278557218026274,-4.9910129756237245,-0.4611405662741162
2.7834332247557,8.292444500125281,-4.99953871210223,-0.47221523427712275
2.791431596091205,8.30633178222429,-5.008064448580735,-0.48328990228012986
2.79942996742671,8.292047463936719,-5.01642996742671,-0.4358050255933069
2.8074283387622145,8.693779315960798,-4.185573289902491,-0.8345024429966421
2.8154267100977197,8.882830399297296,-3.834255755224536,-1.010759140650734
2.8234250814332245,8.880493796435237,-3.838839091607803,-1.0180385572594517
2.831423452768729,8.87815719357318,-3.8434224279910696,-1.0253179738681695
2.839421824104234,8.875820590711122,-3.8480057643743364,-1.0325973904768873
2.847420195439739,8.873483987849065,-3.852589100757603,-1.0398768070856055
2.855418566775244,8.871147384987006,-3.85717243714087,-1.0471562236943233
2.8634169381107486,8.86881078212495,-3.861755773524137,-1.054435640303041
2.871415309446254,8.866474179262893,-3.866339109907404,-1.0617150569117593
2.8794136807817585,8.864137576400834,-3.8709224462906704,-1.068994473520477
2.8874120521172633,8.861800973538777,-3.875505782673937,-1.0762738901291948
2.8954104234527684,8.859464370676719,-3.8800891190572044,-1.083553306737913
2.903408794788273,8.817050488599355,-3.9950504885993556,-1.2086848534201682
2.911407166123778,8.815283282547021,-3.992407166123778,-1.2459291793632448
2.919405537459283,8.82422769780393,-4.000405537459283,-1.2436930755490176
2.927403908794788,8.833172113060838,-4.008403908794788,-1.2414569717347905
2.9354022801302926,8.842116528317748,-4.0164022801302925,-1.2392208679205634
2.9434006514657978,8.851060943574655,-4.024400651465798,-1.236984764106336
2.9513990228013025,8.860005358831565,-4.032399022801303,-1.234748660292109
2.9593973941368072,8.868949774088472,-4.040397394136807,-1.2325125564778818
2.9673957654723124,8.877894189345382,-4.048395765472312,-1.2302764526636545
2.975394136807817,8.886838604602291,-4.056394136807818,-1.2280403488494274
2.983392508143322,8.895783019859199,-4.064392508143322,-1.2258042450352002
2.991390879478827,8.904727435116108,-4.072390879478827,-1.2235681412209731
2.999389250814332,8.870084079804565,-4.040369299674272,-1.2694863599348474
3.0073876221498366,8.796899022801309,-3.8997738870792618,-1.2991601520086877
3.0153859934853418,8.732912052117268,-3.8951081704668837,-1.2818303474484265
3.0233843648208465,8.71077079124232,-3.8905025770007837,-1.270947594112069
3.0313827361563512,8.723122706469303,-3.8859465426957494,-1.2653791077392493
3.0393811074918564,8.735474621696286,-3.8813905083907145,-1.259810621366429
3.047379478827361,8.747826536923267,-3.87683447408568,-1.2542421349936095
3.055377850162866,8.76017845215025,-3.872278439780646,-1.2486736486207897
3.063376221498371,8.772530367377232,-3.8677224054756114,-1.2431051622479696
3.071374592833876,8.784882282604213,-3.863166371170577,-1.2375366758751498
3.0793729641693806,8.797234197831196,-3.8586103368655427,-1.23196818950233
3.0873713355048857,8.80958611305818,-3.854054302560508,-1.22639970312951
3.0953697068403905,8.82193802828516,-3.8494982682554735,-1.2208312167566902
3.103368078175895,9.196192182410496,-4.069807817589505,-2.0222117263842585
3.1113664495114004,9.039643251664069,-4.141378487466367,-2.3082435207477676
3.119364820846905,9.04798937827503,-4.026271491290191,-2.36005905679082
3.12736319218241,9.056335504885993,-3.911164495114014,-2.4118745928338727
3.135361563517915,9.064681631496954,-3.796057498937831,-2.463690128876928
3.14335993485342,9.073027758107916,-3.6809505027616543,-2.5155056649199805
3.1513583061889245,9.081373884718877,-3.565843506585477,-2.5673212009630326
3.1593566775244297,9.08972001132984,-3.4507365104092944,-2.619136737006088
3.1673550488599345,9.098066137940801,-3.3356295142331174,-2.6709522730491404
3.175353420195439,9.106412264551762,-3.2205225180569403,-2.7227678090921925
3.1833517915309444,9.114758391162724,-3.1054155218807575,-2.774583345135248
3.191350162866449,9.123104517773685,-2.990308525704581,-2.8263988811783003
3.199348534201954,8.673384364820963,-2.641267100977267,-2.6991897394137228
3.207346905537459,9.049677524429983,-2.015377850162829,-2.789838762214991
3.215345276872964,8.860474237488896,-2.4512530352383815,-2.687918418714836
3.2233436482084685,8.876198308409831,-2.379722146135629,-2.6865550599644656
3.2313420195439737,8.891922379330767,-2.308191257032872,-2.6851917012140953
3.2393403908794784,8.907646450251702,-2.23666036793012,-2.6838283424637255
3.247338762214983,8.923370521172638,-2.1651294788273674,-2.682464983713355
3.2553371335504884,8.939094592093575,-2.0935985897246105,-2.681101624962985
3.263335504885993,8.95481866301451,-2.022067700621858,-2.679738266212615
3.271333876221498,8.970542733935446,-1.9505368115191057,-2.6783749074622447
3.279332247557003,8.986266804856381,-1.8790059224163491,-2.6770115487118744
3.2873306188925078,9.001990875777317,-1.8074750333135965,-2.675648189961504
3.2953289902280125,9.017714946698252,-1.735944144210844,-2.6742848312111343
3.3033273615635177,9.376978013029309,-2.87644055374591,-3.1693599348534005
3.3113257328990224,9.403923960631852,-2.973376519211236,-3.267814472347729
3.319324104234527,9.389647297817941,-2.969420335539911,-3.2556019053623344
3.327322475570032,9.375370635004028,-2.965464151868586,-3.2433893383769403
3.335320846905537,9.361093972190115,-2.961507968197261,-3.2311767713915454
3.343319218241042,9.346817309376204,-2.9575517845259363,-3.218964204406151
3.3513175895765466,9.332540646562293,-2.9535956008546114,-3.2067516374207563
3.3593159609120518,9.31826398374838,-2.949639417183286,-3.1945390704353613
3.3673143322475565,9.303987320934468,-2.945683233511961,-3.1823265034499673
3.3753127035830612,9.289710658120557,-2.9417270498406363,-3.1701139364645727
3.3833110749185664,9.275433995306644,-2.937770866169311,-3.1579013694791778
3.391309446254071,9.261157332492733,-2.933814682497986,-3.1456888024937837
3.399307817589576,8.715586319218346,-2.880228013029326,-2.7239006514658786
3.407306188925081,8.501465146579797,-2.920566123778498,-2.4973048859934814
3.415304560260586,8.940961122820465,-2.7864039279555466,-2.775010806667944
3.4233029315960906,8.940867024334164,-2.799483617551254,-2.7774573673117455
3.4313013029315957,8.940772925847863,-2.812563307146963,-2.779903927955547
3.4392996742671005,8.940678827361564,-2.8256429967426704,-2.782350488599348
3.447298045602605,8.940584728875264,-2.8387226863383783,-2.7847970492431497
3.4552964169381104,8.940490630388963,-2.8518023759340867,-2.7872436098869513
3.463294788273615,8.940396531902664,-2.864882065529794,-2.789690170530753
3.47129315960912,8.940302433416363,-2.877961755125502,-2.7921367311745544
3.479291530944625,8.940208334930063,-2.8910414447212105,-2.794583291818356
3.48728990228013,8.940114236443764,-2.9041211343169184,-2.797029852462157
3.4952882736156345,8.940020137957463,-2.917200823912626,-2.7994764131059586
3.5032866449511397,8.947791530944603,-3.0105928338762156,-2.5653517915309263
3.5112850162866445,9.016278810217726,-3.0286103720212583,-2.636934836276357
3.519283387622149,9.026466209497684,-3.0303784330533174,-2.6599196296931233
3.5272817589576544,9.036653608777645,-3.032146494085376,-2.682904423109891
3.535280130293159,9.046841008057603,-3.0339145551174354,-2.705889216526657
3.543278501628664,9.057028407337562,-3.035682616149494,-2.728874009943423
3.551276872964169,9.06721580661752,-3.0374506771815533,-2.7518588033601907
3.559275244299674,9.077403205897479,-3.039218738213612,-2.774843596776957
3.5672736156351785,9.087590605177438,-3.040986799245671,-2.797828390193723
3.5752719869706837,9.097778004457396,-3.04275486027773,-2.8208131836104906
3.5832703583061885,9.107965403737357,-3.044522921309789,-2.843797977027257
3.591268729641693,9.118152803017315,-3.046290982341848,-2.866782770444023
3.5992671009771984,9.118384364820866,-3.0504039087947836,-2.8760456026058883
3.607265472312703,8.584015159107993,-3.021790152843899,-2.6221681282886493
3.615263843648208,8.590431435014496,-3.0141433582703945,-2.6295512402906533
3.623262214983713,8.596847710921,-3.00649656369689,-2.6369343522926583
3.6312605863192178,8.603263986827505,-2.9988497691233853,-2.6443174642946627
3.6392589576547225,8.609680262734008,-2.9912029745498807,-2.6517005762966672
3.6472573289902277,8.616096538640512,-2.9835561799763757,-2.6590836882986717
3.6552557003257324,8.622512814547017,-2.975909385402871,-2.666466800300676
3.663254071661237,8.62892909045352,-2.9682625908293665,-2.6738499123026807
3.6712524429967424,8.635345366360024,-2.960615796255862,-2.681233024304685
3.679250814332247,8.641761642266529,-2.9529690016823573,-2.6886161363066896
3.687249185667752,8.648177918173031,-2.9453222071088527,-2.695999248308694
3.695247557003257,8.654594194079536,-2.9376754125353477,-2.703382360310699
3.7032459283387618,8.69503705211726,-2.803274022801314,-2.811961522801294
3.7112442996742665,8.641210149151378,-2.80257617006686,-3.0549807303274465
3.7192426710097717,8.649124327104404,-2.813858083319046,-3.059863946511229
3.7272410423452764,8.65703850505743,-2.825139996571232,-3.064747162695011
3.735239413680781,8.664952683010457,-2.8364219098234176,-3.069630378878793
3.7432377850162863,8.672866860963483,-2.8477038230756038,-3.074513595062575
3.751236156351791,8.680781038916509,-2.8589857363277895,-3.079396811246357
3.759234527687296,8.688695216869535,-2.8702676495799753,-3.0842800274301387
3.767232899022801,8.696609394822561,-2.8815495628321615,-3.0891632436139207
3.7752312703583057,8.704523572775587,-2.892831476084347,-3.0940464597977027
3.7832296416938105,8.712437750728611,-2.9041133893365325,-3.0989296759814846
3.7912280130293157,8.720351928681637,-2.915395302588719,-3.1038128921652666
3.7992263843648204,8.728266106634663,-2.9266772158409045,-3.1086961083490485
3.807224755700325,8.663103983963927,-2.9086013530443524,-3.1074252067151096
3.8152231270358303,8.532669005261841,-2.8643026810323233,-3.100657354046605
3.823221498371335,8.474364820846908,-3.098584364820843,-3.235342019543971
3.83121986970684,8.433373167752446,-3.179267935667747,-3.2928303135179116
3.839218241042345,8.392381514657982,-3.2599515065146556,-3.3503186074918547
3.8472166123778497,8.35138986156352,-3.3406350773615596,-3.4078069014657952
3.8552149837133545,8.310398208469058,-3.421318648208463,-3.4652951954397353
3.863213355048859,8.269406555374596,-3.5020022190553672,-3.5227834894136754
3.8712117263843644,8.228414902280132,-3.5826857899022757,-3.580271783387619
3.879210097719869,8.18742324918567,-3.6633693607491797,-3.637760077361559
3.887208469055374,8.14643159609121,-3.7440529315960838,-3.6952483713354995
3.895206840390879,8.105439942996746,-3.8247365024429922,-3.7527366653094427
3.903205211726384,7.951306188925092,-3.8141856677524006,-3.461570032573337
3.9112035830618885,7.937062495668446,-3.8001375181925274,-3.617921408275003
3.9192019543973937,7.934084378681821,-3.8126456095363492,-3.6039668029662493
3.9272003257328985,7.931106261695198,-3.8251537008801706,-3.5900121976574964
3.935198697068403,7.928128144708573,-3.837661792223992,-3.5760575923487434
3.9431970684039084,7.925150027721949,-3.8501698835678138,-3.5621029870399896
3.951195439739413,7.922171910735325,-3.862677974911635,-3.5481483817312367
3.959193811074918,7.9191937937487005,-3.8751860662554565,-3.534193776422484
3.967192182410423,7.916215676762077,-3.8876941575992783,-3.52023917111373
3.975190553745928,7.913237559775452,-3.9002022489430996,-3.506284565804977
3.9831889250814325,7.910259442788829,-3.912710340286921,-3.492329960496224
3.9911872964169377,7.907281325802204,-3.925218431630743,-3.4783753551874703
3.9991856677524424,7.90430320881558,-3.937726522974564,-3.4644207498787174
4.007184039087948,7.767140029740831,-3.667812172496814,-3.068058224755701
4.015182410423452,7.773225747061322,-3.7031093329556692,-3.1140488599348504
4.023180781758957,7.7793114643818155,-3.738406493414529,-3.1600394951140047
4.031179153094462,7.785397181702309,-3.7737036538733886,-3.2060301302931595
4.039177524429967,7.791482899022801,-3.8090008143322445,-3.252020765472309
4.047175895765472,7.797568616343294,-3.8442979747911044,-3.2980114006514634
4.055174267100977,7.803654333663787,-3.879595135249964,-3.3440020358306177
4.063172638436481,7.80974005098428,-3.9148922957088197,-3.389992671009767
4.071171009771986,7.815825768304772,-3.950189456167679,-3.435983306188922
4.079169381107492,7.821911485625265,-3.985486616626539,-3.4819739413680764
4.087167752442996,7.827997202945758,-4.020783777085395,-3.527964576547226
4.095166123778501,7.83408292026625,-4.056080937544254,-3.57395521172638
4.103164495114006,7.930646579804392,-2.63138843648267,-5.045446254070896
4.111162866449511,7.945243798546722,-2.122666964956831,-2.054438737158628
4.119161237785016,7.998771360561257,-2.361036009592987,-1.9135443497870357
4.127159609120521,8.052298922575792,-2.599405054229144,-1.7726499624154433
4.135157980456025,8.105826484590322,-2.8377740988652733,-1.6317555750438666
4.14315635179153,8.159354046604856,-3.0761431435014295,-1.4908611876722744
4.151154723127036,8.21288160861939,-3.314512188137586,-1.349966800300682
4.15915309446254,8.26640917063392,-3.552881232773716,-1.209072412929105
4.167151465798045,8.319936732648456,-3.7912502774098717,-1.0681780255575128
4.17514983713355,8.373464294662991,-4.029619322046028,-0.9272836381859204
4.1831482084690546,8.42699185667752,-4.267988366682158,-0.7863892508143437
4.19114657980456,8.480519418692055,-4.506357411318314,-0.6454948634427513
4.199144951140065,8.882531758957645,-2.8895652823018887,0.20736807817587688
4.207143322475569,9.822340390879365,1.590189196524972,2.158970684038851
4.215141693811074,16.71722268907563,4.354635890838418,2.8172539621711845
4.22314006514658,16.820394957983197,4.447927818684478,2.9530246352612717
4.231138436482084,16.92356722689075,4.541219746530528,3.0887953083513437
4.239136807817589,17.026739495798317,4.634511674376587,3.224565981441431
4.247135179153094,17.12991176470588,4.7278036022226475,3.360336654531518
4.2551335504885985,17.233084033613437,4.821095530068697,3.4961073276215906
4.263131921824104,17.336256302521004,4.914387457914757,3.6318780007116773
4.271130293159609,17.439428571428568,5.007679385760817,3.767648673801765
4.279128664495113,17.542600840336124,5.100971313606866,3.9034193468918366
4.287127035830618,17.645773109243688,5.194263241452926,4.039190019981924
4.295125407166124,17.748945378151255,5.287555169298987,4.174960693072011
4.303123778501628,17.85211764705881,5.380847097145036,4.310731366162083
4.311122149837133,17.955289915966375,5.474139024991096,4.44650203925217
4.319120521172638,18.058462184873942,5.567430952837156,4.582272712342258
4.3271188925081425,18.161634453781495,5.660722880683205,4.718043385432329
4.335117263843648,11.009506747325222,-5.393917636108974,14.94822056770553
4.343115635179153,0.5576171258213087,-4.529001490642065,5.790808204052349
4.351114006514657,-1.4677331750674003,-4.951152818417663,5.495004030254547
4.359112377850162,-3.4930834759563343,-5.373304146193309,5.199199856456712
4.3671107491856676,-5.518433776845269,-5.795455473968953,4.903395682658878
4.375109120521172,-7.543784077733978,-6.2176068017445525,4.607591508861075
4.383107491856677,-9.56913437862291,-6.639758129520198,4.31178733506324
4.391105863192182,-11.594484679511845,-7.061909457295843,4.015983161265405
4.3991042345276865,-17.690539087945623,-10.53408631921669,2.8024340390884364
4.407102605863192,-25.77928908794958,-22.907608306187683,-7.7708469055347145
4.415100977198697,-29.466281328391347,-36.576002021790416,-42.74280040435813
4.423099348534201,-23.706258807893047,-36.33853313489837,-41.22200662697982
4.431097719869706,-17.946236287394107,-36.1010642480063,-39.70121284960135
4.4390960912052115,-12.186213766895168,-35.863595361114236,-38.180419072222875
4.447094462540716,-6.4261912463968685,-35.6261264742222,-36.659625294844574
4.455092833876221,-0.6661687258979292,-35.38865758733013,-35.1388315174661
4.463091205211726,5.09385379460101,-35.151188700438055,-33.61803774008763
4.4710895765472305,10.853876315099313,-34.91371981354602,-32.09724396270932
4.479087947882736,16.61389883559825,-34.67625092665395,-30.57645018533085
4.487086319218241,22.373921356097192,-34.43878203976188,-29.055656407952377
4.495084690553745,28.133943876595488,-34.20131315286984,-27.53486263057407
4.50308306188925,0.8257589576587989,-11.86633794788553,-12.423416123780243
4.5110814332247555,23.78455729937836,-24.34383868818491,-20.53404275244331
4.51907980456026,20.481957062481953,-22.368059187148635,-15.750016897394806
4.527078175895765,17.17935682558518,-20.39227968611214,-10.965991042345772
4.53507654723127,13.876756588688407,-18.416500185075645,-6.181965187296738
4.5430749185667745,10.574156351791999,-16.44072068403937,-1.3979393322482352
4.55107328990228,7.271556114895226,-14.464941183002875,3.386086522800799
4.559071661237785,3.96895587799845,-12.48916168196638,8.170112377849833
4.567070032573289,0.6663556411020437,-10.513382180930105,12.954138232898334
4.575068403908794,-2.6362445957947287,-8.53760267989361,17.73816408794737
4.5830667752442995,-5.938844832691501,-6.561823178857114,22.522189942996402
4.591065146579804,-9.241445069587911,-4.5860436778208395,27.306215798044907
4.599063517915309,-9.860971769816134,-1.4898208469061742,27.37140608034881
4.607061889250813,-2.7637502714450655,4.828892508142447,13.864823018460068
4.6150602605863185,2.799543159609603,4.2422353420192636,-6.40372719869688
4.623058631921824,-0.3341140488175675,6.347196370404751,-7.526093870299076
4.631057003257328,-1.249667879351787,7.6212226617029355,-7.625709949659447
4.639055374592833,-2.165221709886108,8.895248953001262,-7.72532602901983
4.647053745928338,-3.0807755404204293,10.169275244299588,-7.824942108380212
4.655052117263843,-3.9963293709546486,11.443301535597772,-7.924558187740584
4.663050488599348,-4.91188320148897,12.7173278268961,-8.024174267100967
4.671048859934853,-5.827437032023291,13.991354118194426,-8.12379034646135
4.679047231270357,-6.742990862557511,15.26538040949261,-8.223406425821722
4.6870456026058624,-7.658544693091832,16.539406700790938,-8.323022505182104
4.695043973941368,-8.574098523626153,17.813432992089265,-8.422638584542486
4.703042345276872,1.364231813245473,1.267771986970714,-9.524591205211491
4.711040716612377,3.4841326818675475,4.015191042345272,-11.73972388707927
4.719039087947882,3.3181220412595063,4.078911400651464,-11.624369598262762
4.727037459283387,3.1521114006514837,4.1426317589576485,-11.509015309446266
4.735035830618892,2.9861007600434424,4.206352117263839,-11.393661020629757
4.743034201954397,2.820090119435401,4.270072475570031,-11.27830673181325
4.751032573289901,2.6540794788273785,4.333792833876215,-11.162952442996755
4.759030944625406,2.488068838219337,4.397513192182407,-11.047598154180246
4.767029315960912,2.3220581976112964,4.461233550488598,-10.932243865363738
4.775027687296416,2.1560475570032733,4.5249539087947825,-10.816889576547242
4.783026058631921,1.990036916395232,4.5886742671009735,-10.701535287730735
4.791024429967426,1.824026275787191,4.652394625407165,-10.586180998914227
4.799022801302931,2.18712486427789,3.206282301847207,-10.219286644953444
4.807021172638436,2.48835920195441,-0.9509122149837202,0.18157548859928974
4.815019543973941,2.3860600325732984,-0.8950835830618938,0.6596381433224362
4.823017915309445,2.283760863192198,-0.8392549511400736,1.1377007980455296
4.83101628664495,2.1814616938110865,-0.7834263192182472,1.615763452768676
4.839014657980456,2.0791625244299747,-0.7275976872964209,2.0938261074918225
4.84701302931596,1.9768633550488746,-0.6717690553746007,2.571888762214916
4.855011400651465,1.8745641856677628,-0.6159404234527743,3.0499514169380624
4.86300977198697,1.7722650162866511,-0.5601117915309479,3.5280140716612087
4.871008143322475,1.669965846905551,-0.5042831596091277,4.006076726384302
4.87900651465798,1.5676666775244392,-0.44845452768730143,4.4841393811074495
4.887004885993485,1.4653675081433275,-0.392625895765475,4.962202035830596
4.895003257328989,1.363068338762227,-0.3367972638436548,5.440264690553689
4.903001628664494,1.2607691693811154,-0.2809686319218285,5.918327345276835
4.911,10.322,3.348,3.526
4.918998371335504,10.61296297502712,3.4446025515743677,3.1156835504886327
4.926996742671009,10.903925950054273,3.541205103148746,2.70536710097722
4.934995114006514,11.194888925081425,3.6378076547231246,2.295050651465808
4.9429934853420185,11.485851900108546,3.7344102062974924,1.8847342019544409
4.950991856677524,11.776814875135699,3.8310127578718705,1.4744177524430282
4.958990228013029,12.067777850162852,3.927615309446249,1.0641013029316158
4.966988599348533,12.358740825189972,4.024217861020617,0.6537848534202486
4.974986970684038,12.649703800217125,4.120820412594995,0.24346840390883617
4.982985342019544,12.940666775244278,4.217422964169374,-0.16684804560257627
4.990983713355048,13.231629750271399,4.314025515743741,-0.5771644951139434
4.998982084690553,13.522592725298551,4.41062806731812,-0.9874809446253554
5.006980456026058,8.163700325733005,1.310973941369479,-9.036589576548373
5.0149788273615625,8.453836053873998,1.1453964608571383,-9.359501701862847
5.022977198697068,8.770445741682813,1.3182152033085583,-9.959469421366581
5.030975570032573,9.08705542949163,1.4910339457599786,-10.559437140870315
5.038973941368077,9.403665117300411,1.6638526882113798,-11.159404860373982
5.046972312703582,9.720274805109227,1.8366714306627998,-11.759372579877716
5.054970684039088,10.036884492918043,2.00949017311422,-12.35934029938145
5.062969055374592,10.353494180726823,2.182308915565621,-12.95930801888512
5.070967426710097,10.670103868535639,2.3551276580170413,-13.559275738388854
5.078965798045602,10.986713556344455,2.5279464004684615,-14.159243457892588
5.0869641693811065,11.303323244153237,2.7007651429198622,-14.759211177396256
5.094962540716612,11.619932931962053,2.8735838853712825,-15.35917889689999
5.102960912052117,0.8292060260586412,0.8992418566774247,-2.482179967426848
5.110959283387621,0.22807416828312344,2.1442707791970226,-0.7593143871463528
5.118957654723126,0.3282784833290587,2.031484756432315,-0.8520595469018731
5.1269560260586315,0.4284827983749939,1.9186987336676076,-0.9448047066573935
5.134954397394136,0.5286871134209181,1.8059127109029127,-1.0375498664129035
5.142952768729641,0.6288914284668533,1.6931266881382054,-1.130295026168424
5.150951140065146,0.7290957435127885,1.5803406653734982,-1.2230401859239444
5.1589495114006505,0.8293000585587127,1.4675546426088033,-1.3157853456794544
5.166947882736156,0.929504373604648,1.3547686198440958,-1.4085305054349746
5.174946254071661,1.0297086886505833,1.2419825970793883,-1.501275665190495
5.182944625407165,1.1299130036965073,1.1291965743146934,-1.594020824946005
5.19094299674267,1.2301173187424426,1.0164105515499862,-1.6867659847015255
5.1989413680781755,2.329100977198583,-0.477462540716455,-3.1576970684037526
5.20693973941368,5.060851860835802,0.6264569790006105,-7.1827634971238385
5.214938110749185,5.153939288932001,0.7126521934991935,-7.245218864786188
5.22293648208469,5.2470267170282,0.7988474079977764,-7.307674232448537
5.2309348534201945,5.34011414512439,0.8850426224963499,-7.37012960011088
5.2389332247557,5.433201573220589,0.9712378369949328,-7.432584967773229
5.246931596091205,5.526289001316788,1.0574330514935157,-7.495040335435578
5.254929967426709,5.619376429412977,1.1436282659920893,-7.557495703097921
5.262928338762214,5.712463857509176,1.2298234804906722,-7.61995107076027
5.2709267100977195,5.805551285605375,1.3160186949892552,-7.682406438422619
5.278925081433224,5.898638713701565,1.4022139094878285,-7.744861806084962
5.286923452768729,5.991726141797764,1.4884091239864117,-7.807317173747311
5.294921824104234,6.084813569893963,1.5746043384849946,-7.86977254140966
5.3029201954397385,6.9512406804196605,6.505589757509773,-9.99186065870435
5.310918566775244,9.343642417661787,8.99663807455646,-9.382207021353645
5.318916938110749,8.904306776001837,8.743710419665188,-9.615257234300422
5.326915309446253,8.43584402696771,8.462558366790427,-9.85697545640479
5.334913680781758,7.967381277933529,8.181406313915636,-10.098693678509184
5.3429120521172635,7.498918528899349,7.900254261040844,-10.340411900613578
5.350910423452768,7.030455779865221,7.619102208166083,-10.582130122717945
5.358908794788273,6.561993030831042,7.337950155291292,-10.82384834482234
5.366907166123778,6.093530281796862,7.0567981024165,-11.065566566926734
5.3749055374592825,5.625067532762734,6.77564604954174,-11.307284789031101
5.382903908794788,5.156604783728554,6.494493996666948,-11.549003011135495
5.390902280130293,4.6881420346943745,6.213341943792156,-11.79072123323989
5.398900651465797,1.723306188926398,4.165821661238711,-10.37655211726465
5.406899022801302,3.942317677139162,5.147641028335256,-6.581577177682046
5.4148973941368075,3.8328345942348814,5.199071416062483,-6.530748817904803
5.422895765472312,3.723351511330613,5.250501803789704,-6.479920458127566
5.430894136807817,3.6138684284263323,5.301932191516931,-6.429092098350324
5.438892508143322,3.5043853455220515,5.353362579244158,-6.378263738573081
5.446890879478826,3.394902262617783,5.404792966971379,-6.327435378795844
5.454889250814332,3.2854191797135024,5.456223354698606,-6.276607019018602
5.462887622149837,3.175936096809222,5.507653742425833,-6.225778659241359
5.470885993485341,3.0664530139049533,5.559084130153054,-6.174950299464122
5.478884364820846,2.956969931000673,5.610514517880281,-6.12412193968688
5.4868827361563515,2.847486848096392,5.661944905607508,-6.073293579909637
5.494881107491856,2.7380037651921234,5.71337529333473,-6.0224652201324
5.502879478827361,1.0640195439739135,5.434785016286644,-9.279697068403868
5.510877850162866,1.398755388453808,5.441325524984407,-9.752947518885579
5.51887622149837,1.4064134035622695,5.414437383048031,-9.713891641832426
5.526874592833876,1.4140714186707317,5.387549241111652,-9.674835764779267
5.534872964169381,1.4217294337791941,5.360661099175273,-9.635779887726109
5.542871335504885,1.4293874488876557,5.333772957238897,-9.596724010672954
5.55086970684039,1.437045463996118,5.306884815302518,-9.557668133619798
5.5588680781758955,1.4447034791045805,5.2799966733661385,-9.51861225656664
5.5668664495114,1.452361494213042,5.2531085314297625,-9.479556379513484
5.574864820846905,1.4600195093215045,5.226220389493384,-9.440500502460326
5.58286319218241,1.467677524429967,5.199332247557005,-9.40144462540717
5.590861563517914,1.4753355395384284,5.172444105620629,-9.362388748354014
5.59885993485342,1.4829935546468909,5.14555596368425,-9.323332871300856
5.606858306188925,1.3480879478827186,3.84572312703595,-8.331739413680895
5.614856677524429,1.5379181225940168,3.7157371927746525,-8.42216220017767
5.622855048859934,1.5500974607639908,3.71264691294048,-8.452428764435888
5.630853420195439,1.5622767989339645,3.7095566331063075,-8.482695328694106
5.638851791530944,1.574456137103937,3.7064663532721354,-8.51296189295232
5.646850162866449,1.5866354752739107,3.703376073437963,-8.54322845721054
5.654848534201953,1.5988148134438833,3.7002857936037907,-8.573495021468755
5.662846905537458,1.610994151613857,3.6971955137696186,-8.603761585726973
5.670845276872964,1.6231734897838308,3.694105233935446,-8.634028149985191
5.678843648208468,1.6353528279538032,3.691014954101274,-8.664294714243407
5.686842019543973,1.6475321661237772,3.6879246742671015,-8.694561278501626
5.694840390879478,1.659711504293751,3.684834394432929,-8.724827842759844
5.7028387622149825,1.867478444146381,3.7045593983521847,-9.00485619850545
5.710837133550488,1.9079407932554084,3.6476298141406462,-9.067431691894992
5.718835504885993,1.7919535315218735,3.5002574320702595,-8.931466540221829
5.726833876221497,1.7917510411083166,3.4926640415618695,-8.924784356574445
5.734832247557002,1.7915485506947595,3.4850706510534786,-8.91810217292706
5.742830618892508,1.7913460602812024,3.4774772605450877,-8.911419989279677
5.750828990228012,1.7911435698676452,3.469883870036697,-8.904737805632294
5.758827361563517,1.7909410794540883,3.4622904795283067,-8.898055621984911
5.766825732899022,1.7907385890405312,3.454697089019916,-8.891373438337526
5.7748241042345265,1.790536098626974,3.4471036985115253,-8.884691254690143
5.782822475570032,1.790333608213417,3.4395103080031344,-8.87800907104276
5.790820846905537,1.7901311177998598,3.4319169174947435,-8.871326887395375
5.798819218241041,1.7138811074918936,3.403882410423464,-8.81061563517918
5.806817589576546,1.6591211866484536,3.5395142026548965,-8.904029456061082
5.8148159609120516,1.6594652026198733,3.5523287975902758,-8.915467987110784
5.822814332247556,1.6598092185912927,3.5651433925256537,-8.926906518160482
5.830812703583061,1.6601532345627124,3.577957987461033,-8.938345049210184
5.838811074918566,1.660497250534132,3.5907725823964123,-8.949783580259885
5.8468094462540705,1.6608412665055514,3.6035871773317902,-8.961222111309585
5.854807817589576,1.661185282476971,3.6164017722671695,-8.972660642359285
5.862806188925081,1.6615292984483907,3.629216367202549,-8.984099173408985
5.870804560260585,1.6618733144198101,3.6420309621379268,-8.995537704458686
5.87880293159609,1.6622173303912298,3.6548455570733056,-9.006976235508386
5.8868013029315955,1.6625613463626492,3.667660152008685,-9.018414766558088
5.8947996742671,1.6629053623340688,3.680474746944063,-9.029853297607787
5.902798045602605,1.6592692725298595,3.5450304017372662,-8.908953311617829
5.91079641693811,1.666298773303763,3.531101791530945,-8.891705939427542
5.9187947882736145,1.6737866102987033,3.5271026058631927,-8.883197033751474
5.92679315960912,1.6812744472936443,3.52310342019544,-8.874688128075405
5.934791530944625,1.6887622842885854,3.5191042345276875,-8.866179222399335
5.942789902280129,1.6962501212835255,3.5151050488599354,-8.857670316723267
5.950788273615634,1.7037379582784664,3.5111058631921828,-8.849161411047199
5.9587866449511395,1.7112257952734076,3.50710667752443,-8.840652505371128
5.966785016286644,1.7187136322683476,3.503107491856678,-8.83214359969506
5.974783387622149,1.7262014692632888,3.4991083061889254,-8.82363469401899
5.982781758957654,1.7336893062582297,3.495109120521173,-8.815125788342922
5.9907801302931585,1.74117714325317,3.4911099348534207,-8.806616882666853
5.998778501628664,1.7336612377850222,3.484146579804562,-8.849501628664473
6.006776872964169,1.7553061889250665,3.4909918566775198,-8.946862106406087
6.014775244299673,1.7887265673608321,3.5066437067671914,-8.92797566153058
6.022773615635178,1.784862185704352,3.5121257365589424,-8.922044285034588
6.0307719869706835,1.7809978040478722,3.517607766350693,-8.916112908538594
6.038770358306188,1.7771334223913926,3.523089796142443,-8.910181532042603
6.046768729641693,1.7732690407349125,3.528571825934194,-8.90425015554661
6.054767100977198,1.7694046590784325,3.5340538557259444,-8.898318779050618
6.0627654723127025,1.7655402774219529,3.5395358855176946,-8.892387402554625
6.070763843648208,1.761675895765473,3.5450179153094457,-8.886456026058633
6.078762214983713,1.757811514108993,3.5504999451011963,-8.880524649562641
6.086760586319217,1.7539471324525133,3.5559819748929464,-8.87459327306665
6.094758957654722,1.7500827507960333,3.561464004684697,-8.868661896570657
6.1027573289902275,1.7493446661237786,3.575752646579804,-8.87837398208469
6.110755700325732,1.7503444625407165,3.612745114006511,-8.911367263843646
6.118754071661237,1.751,3.637,-8.933
6.126752442996742,1.751,3.637,-8.933
6.1347508143322464,1.751,3.637,-8.933
6.142749185667752,1.751,3.637,-8.933
6.150747557003257,1.751,3.637,-8.933
6.158745928338761,1.751,3.637,-8.933
6.166744299674266,1.751,3.637,-8.933
6.1747426710097715,1.751,3.637,-8.933
6.182741042345276,1.751,3.637,-8.933
6.190739413680781,1.751,3.637,-8.933
6.198737785016286,1.751,3.637,-8.933
6.20673615635179,1.751,3.637,-8.933
6.214734527687296,1.751,3.637,-8.933
6.222732899022801,1.751,3.637,-8.933
6.230731270358305,1.661,3.61,-8.967
6.23872964169381,1.661,3.61,-8.967
6.2467280130293155,1.661,3.61,-8.967
6.25472638436482,1.661,3.61,-8.967
6.262724755700325,1.661,3.61,-8.967
6.27072312703583,1.661,3.61,-8.967
6.278721498371334,1.661,3.61,-8.967
6.28671986970684,1.661,3.61,-8.967
6.294718241042345,1.661,3.61,-8.967
6.302716612377849,1.661,3.61,-8.967
6.310714983713354,1.661,3.61,-8.967
6.3187133550488594,1.661,3.61,-8.967
6.326711726384364,1.661,3.61,-8.967
6.334710097719869,1.661,3.61,-8.967
6.342708469055374,1.661,3.61,-8.967
6.350706840390878,1.661,3.61,-8.967
6.358705211726384,1.661,3.61,-8.967
6.366703583061889,1.661,3.61,-8.967
6.374701954397393,1.661,3.61,-8.967
6.382700325732898,1.661,3.61,-8.967
6.390698697068403,1.661,3.61,-8.967
6.398697068403908,1.661,3.61,-8.967
6.406695439739413,1.662576232005884,3.5361126055129417,-8.898688714931176
6.414693811074918,1.6703165913628244,3.538520717312879,-8.895850583166965
6.422692182410422,1.6780569507197638,3.5409288291128154,-8.893012451402754
6.430690553745928,1.6857973100767043,3.5433369409127526,-8.890174319638541
6.438688925081433,1.6935376694336448,3.5457450527126895,-8.88733618787433
6.446687296416937,1.7012780287905844,3.5481531645126263,-8.88449805611012
6.454685667752442,1.7090183881475247,3.5505612763125636,-8.88165992434591
6.462684039087947,1.7167587475044652,3.5529693881125004,-8.878821792581697
6.470682410423452,1.7244991068614048,3.5553774999124372,-8.875983660817486
6.478680781758957,1.7322394662183451,3.557785611712374,-8.873145529053275
6.486679153094462,1.7399798255752856,3.5601937235123113,-8.870307397289062
6.494677524429966,1.7477201849322253,3.562601835312248,-8.867469265524852
6.502675895765472,1.749,3.563,-8.867
6.510674267100977,1.749,3.563,-8.867
6.518672638436481,1.7530147526702518,3.564159817438073,-8.878865824558744
6.526671009771986,1.7571999469737136,3.565368873570184,-8.891235398833421
6.534669381107491,1.7613851412771757,3.5665779297022953,-8.903604973108097
6.542667752442996,1.7655703355806371,3.5677869858344065,-8.915974547382772
6.550666123778501,1.7697555298840992,3.5689960419665177,-8.92834412165745
6.558664495114006,1.7739407241875613,3.570205098098629,-8.940713695932125
6.56666286644951,1.7781259184910227,3.57141415423074,-8.9530832702068
6.5746612377850155,1.7823111127944848,3.5726232103628512,-8.965452844481478
6.582659609120521,1.7864963070979467,3.5738322664949624,-8.977822418756153
6.590657980456025,1.7906815014014084,3.5750413226270736,-8.990191993030828
6.59865635179153,1.792,3.502,-8.933
6.606654723127035,1.794,3.576,-9.0
6.61465309446254,1.794,3.576,-9.0
6.622651465798045,1.794,3.576,-9.0
6.63064983713355,1.794,3.576,-9.0
6.638648208469054,1.794,3.576,-9.0
6.6466465798045595,1.794,3.576,-9.0
6.654644951140064,1.794,3.576,-9.0
6.662643322475569,1.794,3.576,-9.0
6.670641693811074,1.794,3.576,-9.0
6.6786400651465785,1.794,3.576,-9.0
6.686638436482084,1.794,3.576,-9.0
6.694636807817589,1.794,3.576,-9.0
6.702635179153093,1.749,3.563,-8.867
6.710633550488598,1.7508167752442994,3.5635248461816866,-8.872369580166485
6.7186319218241035,1.754815960912052,3.564680166485704,-8.88418939558451
6.726630293159608,1.758815146579804,3.5658354867897213,-8.896009211002532
6.734628664495113,1.7628143322475567,3.5669908070937386,-8.907829026420556
6.742627035830618,1.7668135179153093,3.568146127397756,-8.919648841838582
6.7506254071661225,1.7708127035830614,3.5693014477017733,-8.931468657256604
6.758623778501628,1.774811889250814,3.5704567680057906,-8.94328847267463
6.766622149837133,1.7788110749185666,3.5716120883098084,-8.955108288092653
6.774620521172637,1.7828102605863188,3.5727674086138257,-8.966928103510675
6.782618892508142,1.7868094462540713,3.573922728917843,-8.9787479189287
6.7906172638436475,1.790808631921824,3.5750780492218603,-8.990567734346724
6.798615635179152,1.794,3.576,-9.0
6.806614006514657,1.7923464983713358,3.514820439739421,-8.944607695439746
6.814612377850162,1.792,3.502,-8.933
6.8226107491856665,1.792,3.502,-8.933
6.830609120521172,1.792,3.502,-8.933
6.838607491856677,1.792,3.502,-8.933
6.846605863192181,1.792,3.502,-8.933
6.854604234527686,1.792,3.502,-8.933
6.8626026058631915,1.792,3.502,-8.933
6.870600977198696,1.792,3.502,-8.933
6.878599348534201,1.792,3.502,-8.933
6.886597719869706,1.792,3.502,-8.933
6.89459609120521,1.792,3.502,-8.933
6.902594462540716,1.792,3.502,-8.933
6.910592833876221,1.792,3.502,-8.933
6.918591205211725,1.792,3.502,-8.933
6.92658957654723,1.792,3.502,-8.933
6.9345879478827355,1.792,3.502,-8.933
6.94258631921824,1.792,3.502,-8.933
6.950584690553745,1.792,3.502,-8.933
6.95858306188925,1.792,3.502,-8.933
6.966581433224754,1.792,3.502,-8.933
6.97457980456026,1.792,3.502,-8.933
6.982578175895765,1.792,3.502,-8.933
6.990576547231269,1.792,3.502,-8.933
6.998574918566774,1.792,3.502,-8.933
7.0065732899022795,1.792,3.502,-8.933
7.014571661237784,1.792,3.502,-8.933
7.022570032573289,1.792,3.502,-8.933
7.030568403908794,1.792,3.502,-8.933
7.038566775244298,1.792,3.502,-8.933
7.046565146579804,1.792,3.502,-8.933
7.054563517915309,1.792,3.502,-8.933
7.062561889250813,1.792,3.502,-8.933
7.070560260586318,1.792,3.502,-8.933
7.078558631921823,1.792,3.502,-8.933
7.086557003257328,1.792,3.502,-8.933
7.094555374592833,1.792,3.502,-8.933
7.102553745928338,1.7937024972855589,3.56499239956568,-8.990033659066224
7.110552117263842,1.794,3.576,-9.0
7.118550488599348,1.794,3.576,-9.0
7.126548859934853,1.794,3.576,-9.0
7.134547231270357,1.794,3.576,-9.0
7.142545602605862,1.794,3.576,-9.0
7.150543973941367,1.794,3.576,-9.0
7.158542345276872,1.794,3.576,-9.0
7.166540716612377,1.794,3.576,-9.0
7.174539087947882,1.794,3.576,-9.0
7.182537459283386,1.794,3.576,-9.0
7.190535830618892,1.794,3.576,-9.0
7.198534201954397,1.794,3.576,-9.0
7.206532573289901,1.794,3.576,-9.0
7.214530944625406,1.794,3.576,-9.0
7.222529315960911,1.7920665609463398,3.5044627550145715,-8.935229791702383
7.230527687296416,1.7922770444025373,3.5122506428938784,-8.942280987484999
7.238526058631921,1.7924875278587349,3.5200385307731863,-8.949332183267614
7.246524429967426,1.7926980113149322,3.5278264186524937,-8.95638337905023
7.25452280130293,1.7929084947711298,3.5356143065318006,-8.963434574832846
7.2625211726384356,1.7931189782273274,3.543402194411108,-8.970485770615463
7.270519543973941,1.7933294616835247,3.551190082290416,-8.977536966398079
7.278517915309445,1.7935399451397223,3.558977970169723,-8.984588162180694
7.28651628664495,1.7937504285959198,3.5667658580490302,-8.991639357963312
7.294514657980455,1.7939609120521174,3.574553745928338,-8.998690553745927
7.30251302931596,1.792,3.502,-8.933
7.310511400651465,1.792,3.502,-8.933
7.31850977198697,1.792,3.502,-8.933
7.326508143322474,1.792,3.502,-8.933
7.3345065146579795,1.792,3.502,-8.933
7.342504885993485,1.792,3.502,-8.933
7.350503257328989,1.792,3.502,-8.933
7.358501628664494,1.792,3.502,-8.933
7.366499999999999,1.792,3.502,-8.933
7.374498371335504,1.792,3.502,-8.933
7.382496742671009,1.792,3.502,-8.933
7.390495114006514,1.792,3.502,-8.933
7.398493485342018,1.792,3.502,-8.933
7.4064918566775235,1.792,3.502,-8.933
7.414490228013029,1.792,3.502,-8.933
7.422488599348533,1.792,3.502,-8.933
7.430486970684038,1.792,3.502,-8.933
7.438485342019543,1.792,3.502,-8.933
7.446483713355048,1.792,3.502,-8.933
7.454482084690553,1.792,3.502,-8.933
7.462480456026058,1.792,3.502,-8.933
7.470478827361562,1.792,3.502,-8.933
7.4784771986970675,1.792,3.502,-8.933
7.486475570032573,1.792,3.502,-8.933
7.494473941368077,1.792,3.502,-8.933
7.502472312703582,1.792,3.502,-8.933
7.510470684039087,1.792,3.502,-8.933
7.518469055374592,1.792,3.502,-8.933
7.526467426710097,1.792,3.502,-8.933
7.534465798045602,1.792,3.502,-8.933
7.542464169381106,1.792,3.502,-8.933
7.5504625407166115,1.792,3.502,-8.933
7.558460912052117,1.792,3.502,-8.933
7.566459283387621,1.792,3.502,-8.933
7.574457654723126,1.792,3.502,-8.933
7.582456026058631,1.792,3.502,-8.933
7.590454397394136,1.792,3.502,-8.933
7.598452768729641,1.792,3.502,-8.933
7.606451140065146,1.792,3.502,-8.933
7.61444951140065,1.792,3.502,-8.933
7.6224478827361555,1.792,3.502,-8.933
7.630446254071661,1.792,3.502,-8.933
7.638444625407165,1.792,3.502,-8.933
7.64644299674267,1.792,3.502,-8.933
7.654441368078175,1.792,3.502,-8.933
7.66243973941368,1.792,3.502,-8.933
7.670438110749185,1.792,3.502,-8.933
7.67843648208469,1.792,3.502,-8.933
7.686434853420194,1.792,3.502,-8.933
7.6944332247556995,1.792,3.502,-8.933
7.702431596091204,1.794090416595234,3.579375552888734,-9.007534716269495
7.710429967426709,1.794595576890108,3.5982348705640304,-9.049631407508995
7.718428338762214,1.795100737184982,3.6170941882393266,-9.091728098748497
7.726426710097718,1.7956058974798559,3.6359535059146206,-9.133824789987992
7.734425081433224,1.79611105777473,3.654812823589917,-9.175921481227494
7.742423452768729,1.796616218069604,3.673672141265213,-9.218018172466994
7.750421824104233,1.797121378364478,3.6925314589405076,-9.260114863706491
7.758420195439738,1.797626538659352,3.711390776615804,-9.302211554945991
7.7664185667752434,1.798131698954226,3.7302500942911,-9.344308246185491
7.774416938110748,1.7986368592491,3.749109411966394,-9.386404937424988
7.782415309446253,1.7991420195439738,3.7679687296416904,-9.428501628664488
7.790413680781758,1.7996471798388478,3.7868280473169866,-9.470598319903988
7.798412052117262,1.5312923452770288,3.853179967426546,-9.17939739413688
7.806410423452768,1.561219721646399,3.795483269173862,-9.274829730530028
7.814408794788273,1.705518758382832,3.674209542057854,-9.476196589384923
7.822407166123777,1.7043895765472314,3.792020846905517,-9.65498371335502
7.830405537459282,1.7032603947116307,3.9098321517531938,-9.833770837325135
7.838403908794787,1.70213121287603,4.02764345660087,-10.01255796129525
7.846402280130292,1.7010020310404292,4.1454547614485335,-10.191345085265347
7.854400651465797,1.6998728492048285,4.26326606629621,-10.370132209235463
7.862399022801302,1.6987436673692278,4.381077371143887,-10.548919333205578
7.870397394136806,1.6976144855336273,4.49888867599155,-10.727706457175675
7.878395765472312,1.6964853036980265,4.616699980839226,-10.90649358114579
7.886394136807817,1.6953561218624258,4.734511285686903,-11.085280705115906
7.894392508143321,1.6942269400268253,4.852322590534566,-11.264067829086002
7.902390879478826,0.8319804560260131,3.7605272219636587,-9.44092740809701
7.910389250814331,1.0243821990435895,3.9744491128976307,-8.70304123639891
7.918387622149836,1.0724575161133758,4.064558424007195,-8.830674821539935
7.926385993485341,1.1205328331831674,4.154667735116768,-8.958308406680974
7.934384364820846,1.168608150252959,4.244777046226343,-9.085941991822015
7.94238273615635,1.2166834673227453,4.334886357335907,-9.21357557696304
7.950381107491856,1.264758784392537,4.424995668445481,-9.34120916210408
7.958379478827361,1.3128341014623286,4.515104979555055,-9.46884274724512
7.966377850162865,1.360909418532115,4.605214290664619,-9.596476332386144
7.97437622149837,1.4089847356019067,4.695323601774193,-9.724109917527185
7.982374592833875,1.4570600526716984,4.785432912883767,-9.851743502668224
7.99037296416938,1.5051353697414847,4.875542223993331,-9.979377087809251
7.998371335504885,1.5532106868112763,4.965651535102905,-10.10701067295029
8.00636970684039,0.8696675714802506,5.523194426348135,-10.75771214259865
8.014368078175895,1.057184943901539,5.808647412233054,-10.556775280492236
8.0223664495114,1.2447023163228277,6.094100398117972,-10.355838418385822
8.030364820846904,1.4322196887440746,6.379553384002827,-10.154901556279453
8.038363192182409,1.6197370611653632,6.665006369887746,-9.95396469417304
8.046361563517914,1.8072544335866516,6.950459355772665,-9.753027832066627
8.05435993485342,1.99477180600794,7.235912341657584,-9.552090969960211
8.062358306188925,2.1822891784292286,7.521365327542503,-9.351154107853798
8.07035667752443,2.369806550850517,7.806818313427421,-9.150217245747385
8.078355048859933,2.557323923271764,8.092271299312277,-8.949280383641016
8.086353420195438,2.7448412956930524,8.377724285197196,-8.7483435215346
8.094351791530944,2.9323586681143414,8.663177271082114,-8.547406659428187
8.102350162866449,2.6026905537459624,8.49883713355051,-8.896081433224719
8.110348534201954,1.7360570557948893,8.355381527792373,-10.64665724493013
8.118346905537459,1.8207709887569603,8.350565304192498,-10.519113323526321
8.126345276872962,1.9054849217190126,8.345749080592626,-10.391569402122542
8.134343648208468,1.9901988546810836,8.340932856992751,-10.264025480718733
8.142342019543973,2.0749127876431546,8.336116633392876,-10.136481559314925
8.150340390879478,2.1596267206052255,8.331300409793002,-10.008937637911117
8.158338762214983,2.244340653567297,8.32648418619313,-9.881393716507308
8.166337133550488,2.329054586529368,8.321667962593255,-9.7538497951035
8.174335504885992,2.4137685194914202,8.316851738993382,-9.62630587369972
8.182333876221497,2.498482452453491,8.312035515393507,-9.498761952295911
8.190332247557002,2.583196385415562,8.307219291793633,-9.371218030892102
8.198330618892507,2.667910318377633,8.302403068193758,-9.243674109488294
8.206328990228013,2.4024696572723525,4.1037714204786795,-8.192824918566794
8.214327361563516,2.318225941792973,4.151066137940787,-8.054853013029359
8.222325732899021,2.2339822263135747,4.198360855402905,-7.916881107491893
8.230324104234526,2.149738510834177,4.245655572865024,-7.778909201954426
8.238322475570032,2.0654947953547786,4.292950290327142,-7.6409372964169595
8.246320846905537,1.9812510798753804,4.34024500778926,-7.502965390879494
8.254319218241042,1.8970073643959824,4.387539725251378,-7.364993485342027
8.262317589576545,1.812763648916603,4.434834442713486,-7.227021579804592
8.27031596091205,1.7285199334372048,4.482129160175605,-7.089049674267125
8.278314332247556,1.6442762179578065,4.529423877637723,-6.951077768729658
8.28631270358306,1.5600325024784085,4.576718595099841,-6.813105863192192
8.294311074918566,1.4757887869990105,4.624013312561959,-6.675133957654726
8.302309446254071,0.012222584147657312,6.712182410423444,-2.109381107491883
8.310307817589575,0.36342474138236736,6.989258599706483,-1.3169045531016088
8.31830618892508,0.4966723341804521,6.9851275727529805,-1.3755299781651462
8.326304560260585,0.6299199269785369,6.980996545799478,-1.4341554032286834
8.33430293159609,0.7631675197766217,6.976865518845975,-1.4927808282922208
8.342301302931595,0.8964151125747064,6.9727344918924725,-1.551406253355758
8.3502996742671,1.0296627053727911,6.968603464938971,-1.6100316784192954
8.358298045602604,1.1629102981708463,6.964472437985469,-1.6686571034828197
8.366296416938109,1.296157890968931,6.960341411031966,-1.7272825285463569
8.374294788273614,1.4294054837670158,6.956210384078464,-1.7859079536098943
8.38229315960912,1.5626530765651006,6.952079357124961,-1.8445333786734315
8.390291530944625,1.6959006693631853,6.947948330171458,-1.9031588037369689
8.39828990228013,1.8707557003257336,5.2930130293159605,-2.1640228013029295
8.406288273615633,2.58871733622861,5.360888707926151,-2.403831161780612
8.414286644951138,2.804611811358155,5.5008449228154435,-2.530489165840524
8.422285016286644,2.8740933153944126,5.652048916584037,-2.592180951706551
8.430283387622149,2.943574819430671,5.80325291035263,-2.653872737572578
8.438281758957654,3.0130563234669285,5.954456904121224,-2.7155645234386045
8.44628013029316,3.0825378275031867,6.105660897889817,-2.777256309304631
8.454278501628663,3.152019331539429,6.256864891658378,-2.8389480951706445
8.462276872964168,3.221500835575687,6.408068885426971,-2.900639881036671
8.470275244299673,3.290982339611945,6.559272879195564,-2.9623316669026982
8.478273615635178,3.360463843648203,6.710476872964158,-3.024023452768725
8.486271986970683,3.429945347684461,6.861680866732751,-3.0857152386347515
8.494270358306188,3.4994268517207185,7.0128848605013445,-3.1474070245007786
8.502268729641692,3.568908355756961,7.164088854269904,-3.2090988103667915
8.510267100977197,3.6383898597932194,7.3152928480384976,-3.2707905962328185
8.518265472312702,3.707871363829477,7.466496841807091,-3.3324823820988456
8.526263843648207,2.0947198697065113,7.06741205211703,-1.3941986970687716
8.534262214983713,2.7752177725224105,7.652200080317673,-0.5037855517380241
8.542260586319218,2.8482987818481904,7.832546918923721,-0.25572647360674133
8.550258957654721,2.9213797911739543,8.012893757529728,-0.00766739547551365
8.558257328990226,2.994460800499734,8.193240596135775,0.24039168265576905
8.566255700325732,3.0675418098255136,8.373587434741824,0.48845076078705163
8.574254071661237,3.1406228191512935,8.55393427334787,0.7365098389183344
8.582252442996742,3.2137038284770734,8.734281111953917,0.984568917049617
8.590250814332247,3.2867848378028532,8.914627950559964,1.2326279951808998
8.59824918566775,3.3598658471286167,9.094974789165972,1.4806870733121276
8.606247557003256,2.2203599348532146,9.545264657980322,1.7485716612373554
8.614245928338761,2.4261779268059254,9.737778195056524,2.4434680590151183
8.622244299674266,2.2846538034106354,9.734390649549724,2.552434106150588
8.630242671009771,2.143129680015345,9.731003104042921,2.6614001532860576
8.638241042345276,2.0016055566200546,9.727615558536119,2.770366200421527
8.64623941368078,1.8600814332247957,9.724228013029318,2.8793322475569725
8.654237785016285,1.7185573098295053,9.720840467522516,2.988298294692442
8.66223615635179,1.577033186434215,9.717452922015713,3.0972643418279113
8.670234527687295,1.435509063038925,9.71406537650891,3.206230388963381
8.6782328990228,1.2939849396436345,9.710677831002108,3.3151964360988506
8.686231270358306,1.1524608162483443,9.707290285495306,3.42416248323432
8.69422964169381,1.0090293159609796,9.68528420195461,3.518058631921959
8.702228013029314,1.0164053893988496,9.848723423156645,3.605399861810284
8.71022638436482,1.2740498963576978,9.866659164939295,3.619780771888263
8.718224755700325,1.5316944033165463,9.884594906721942,3.634161681966242
8.72622312703583,1.7893389102753945,9.90253064850459,3.6485425920442207
8.734221498371335,2.0469834172342427,9.920466390287238,3.6629235021222
8.742219869706839,2.3046279241930336,9.938402132069882,3.6773044122001757
8.750218241042344,2.562272431151882,9.95633787385253,3.6916853222781545
8.758216612377849,2.81991693811073,9.974273615635177,3.7060662323561337
8.766214983713354,3.0775614450695783,9.992209357417826,3.7204471424341126
8.77421335504886,3.3352059520284265,10.010145099200473,3.734828052512092
8.782211726384364,3.5928504589872747,10.02808084098312,3.7492089625900706
8.790210097719868,3.850494965946066,10.046016582765764,3.7635898726680463
8.798208469055373,3.426550850524959,8.730491132826689,4.790162866449557
8.806206840390878,2.603607310894124,8.480764205573703,4.56620846905542
8.814205211726383,5.016455618892541,7.994852547696598,3.2852262098650424
8.822203583061889,3.989164800488596,8.146750189041414,3.6159445817822253
8.830201954397394,2.96187398208465,8.298647830386232,3.9466629536994082
8.838200325732897,1.9345831636809323,8.450545471731015,4.277381325616517
8.846198697068402,0.9072923452769865,8.602443113075832,4.6080996975337
8.854197068403908,-0.11999847312695966,8.75434075442065,4.938818069450883
8.862195439739413,-1.147289291530905,8.906238395765467,5.269536441368066
8.870193811074918,-2.174580109934851,9.058136037110284,5.6002548132852485
8.878192182410423,-3.2018709283387965,9.210033678455101,5.930973185202431
8.886190553745926,-4.229161746742515,9.361931319799885,6.261691557119541
8.894188925081432,-5.25645256514646,9.5138289611447,6.592409929036723
8.902187296416937,-6.283743383550406,9.665726602489517,6.9231283009539055
8.910185667752442,-7.311034201954352,9.817624243834334,7.25384667287109
8.918184039087947,-8.338325020358297,9.969521885179152,7.584565044788272
8.926182410423452,0.4989620589989478,7.1948357572142845,7.6979855943478634
8.934180781758956,0.45345019956875926,7.363026861494659,7.4342646465110525
8.942179153094461,0.40793834013856056,7.531217965775071,7.170543698674184
8.950177524429966,0.3624264807083619,7.699409070055484,6.906822750837315
8.958175895765471,0.31691462127816317,7.867600174335896,6.643101803000445
8.966174267100977,0.2714027618479645,8.035791278616308,6.379380855163577
8.974172638436482,0.22589090241776583,8.203982382896722,6.115659907326708
8.982171009771985,0.1803790429875773,8.372173487177097,5.851938959489897
8.99016938110749,0.1348671835573786,8.540364591457509,5.588218011653028
8.998167752442995,0.11526791530942107,8.05925244299756,6.060148208468145
9.0061661237785,0.4718990228021025,6.919267100977566,7.242680781758318
9.014164495114006,-0.1642427166732548,8.207805397424579,6.718544887211178
9.022162866449511,-0.2914691467015696,8.207431641754695,6.719591403086852
9.030161237785014,-0.41869557672985613,8.207057886084812,6.720637918962526
9.03815960912052,-0.5459220067581709,8.20668413041493,6.721684434838199
9.046157980456025,-0.6731484367864856,8.206310374745046,6.722730950713872
9.05415635179153,-0.8003748668148004,8.205936619075162,6.723777466589546
9.062154723127035,-0.9276012968431152,8.205562863405278,6.724823982465219
9.07015309446254,-1.0548277268714301,8.205189107735395,6.7258704983408935
9.078151465798044,-1.1820541568997167,8.204815352065511,6.726917014216567
9.086149837133549,-1.3092805869280315,8.204441596395629,6.72796353009224
9.094148208469054,-1.4365070169563463,8.204067840725745,6.729010045967914
9.10214657980456,-1.563733446984661,8.203694085055862,6.730056561843587
9.110144951140065,-1.6909598770129757,8.203320329385978,6.73110307771926
9.11814332247557,-0.8853420195444461,8.105817589576597,6.413013029316126
9.126141693811073,-0.666956903031721,7.628120897018378,6.622553307441647
9.134140065146578,-1.1899273365070637,7.174674768228581,7.124912553244727
9.142138436482083,-1.7128977699824066,6.721228639438784,7.627271799047806
9.150136807817589,-1.8297969598262835,6.515622511762582,7.867286147303649
9.158135179153094,-1.720485884907714,6.448080709373873,7.961155922005062
9.166133550488599,-1.6111748099891448,6.380538906985163,8.055025696706476
9.174131921824102,-1.5018637350705997,6.312997104596468,8.148895471407869
9.182130293159608,-1.3925526601520302,6.245455302207758,8.242765246109283
9.190128664495113,-1.2832415852334609,6.177913499819049,8.336635020810697
9.198127035830618,-1.1739305103148916,6.110371697430339,8.43050479551211
9.206125407166123,-1.064619435396322,6.0428298950416295,8.524374570213524
9.214123778501627,-0.955308360477777,5.975288092652935,8.618244344914917
9.222122149837132,-1.2432484618167043,5.879859030039847,8.496628121607024
9.230120521172637,-0.8016956724061356,5.952558864588114,7.580207538390372
9.238118892508142,-0.7256558256076676,5.893308243547982,7.363418366324245
9.246117263843647,-0.4158112252568644,5.902660185417188,7.266330443497882
9.254115635179152,-0.10596662490606124,5.912012127286394,7.169242520671518
9.262114006514656,0.20387797544467323,5.921364069155598,7.072154597845175
9.270112377850161,0.5137225757954765,5.930716011024804,6.975066675018812
9.278110749185666,0.8235671761462796,5.94006795289401,6.8779787521924485
9.286109120521171,1.1334117764970828,5.949419894763216,6.780890829366085
9.294107491856677,1.443256376847886,5.9587718366324225,6.6838029065397215
9.302105863192182,1.7062312703584441,6.057771986970394,6.578260586319249
9.310104234527685,0.3970347448425616,6.179911561766637,6.968614304227553
9.31810260586319,0.39970086862106335,6.264711498721563,6.869709712444425
9.326100977198696,0.4023669923995651,6.349511435676489,6.770805120661295
9.3340993485342,0.4050331161780668,6.434311372631415,6.671900528878167
9.342097719869706,0.40769923995656854,6.519111309586341,6.572995937095039
9.350096091205211,0.41036536373507027,6.603911246541267,6.47409134531191
9.358094462540715,0.4130314875135714,6.688711183496174,6.375186753528803
9.36609283387622,0.4156976112920731,6.7735111204511,6.276282161745675
9.374091205211725,0.41836373507057484,6.858311057406026,6.177377569962546
9.38208957654723,0.42102985884907657,6.943110994360952,6.078472978179418
9.390087947882735,0.4236959826275783,7.027910931315878,5.979568386396289
9.39808631921824,0.42636210640608,7.112710868270804,5.88066379461316
9.406084690553744,1.5023511896332264,7.268874628239624,4.9708741679648245
9.414083061889249,1.3353417185951246,7.28269790043903,5.264901253363503
9.422081433224754,1.1683322475570228,7.296521172638435,5.558928338762181
9.43007980456026,1.001322776518921,7.310344444837841,5.852955424160859
9.438078175895765,0.8343133054808192,7.324167717037247,6.146982509559537
9.44607654723127,0.6673038344427173,7.337990989236652,6.4410095949582145
9.454074918566773,0.5002943634046526,7.351814261436054,6.735036680356828
9.462073289902278,0.3332848923665508,7.36563753363546,7.029063765755506
9.470071661237784,0.16627542132844897,7.379460805834865,7.323090851154183
9.478070032573289,-0.0007340497096528509,7.393284078034271,7.617117936552861
9.486068403908794,-0.16774352074775467,7.407107350233677,7.91114502195154
9.494066775244299,-0.3347529917858565,7.420930622433082,8.205172107350219
9.502065146579803,-1.0288154597845647,5.717030067652216,8.60898371335505
9.510063517915308,-0.8833835348284069,5.720721623653218,8.606984120521172
9.518061889250813,-0.737951609872249,5.724413179654221,8.604984527687296
9.526060260586318,-0.5925196849160912,5.728104735655223,8.60298493485342
9.534058631921823,-0.4470877599599332,5.7317962916562255,8.600985342019545
9.542057003257328,-0.30165583500377535,5.735487847657228,8.598985749185669
9.550055374592832,-0.1562239100476498,5.7391794036582295,8.596986156351793
9.558053745928337,-0.010791985091491929,5.742870959659232,8.594986563517915
9.566052117263842,0.13463993986466605,5.7465625156602345,8.59298697068404
9.574050488599347,0.2800718648208238,5.750254071661237,8.590987377850164
9.582048859934853,0.4255037897769818,5.753945627662239,8.588987785016286
9.590047231270358,0.5709357147331395,5.757637183663242,8.58698819218241
9.598045602605861,0.7163676396892651,5.761328739664243,8.584988599348534
9.606043973941366,0.8411237785023492,5.777620521172181,8.58049348534211
9.614042345276872,0.8777180083758875,5.659442066077306,8.121450442066132
9.622040716612377,1.010967576128863,5.5850520276125835,8.021908764904522
9.630039087947882,0.9685541941846245,5.616898753847531,8.011195350088157
9.638037459283387,0.926140812240386,5.648745480082479,8.000481935271793
9.64603583061889,0.883727430296157,5.680592206317418,7.9897685204554305
9.654034201954396,0.8413140483519185,5.712438932552366,7.979055105639065
9.6620325732899,0.79890066640768,5.744285658787313,7.968341690822701
9.670030944625406,0.7564872844634415,5.77613238502226,7.957628276006337
9.678029315960911,0.714073902519203,5.8079791112572074,7.946914861189971
9.686027687296416,0.6716605205749645,5.839825837492155,7.936201446373607
9.69402605863192,0.6292471386307354,5.871672563727095,7.9254880315572445
9.702024429967425,0.586833756686497,5.903519289962042,7.91477461674088
9.71002280130293,0.5444203747422585,5.93536601619699,7.904061201924515
9.718021172638435,0.50200699279802,5.967212742431936,7.8933477871081505
9.72601954397394,0.00841530944621786,5.923767100977132,7.670817589576388
9.734017915309446,0.41348885993485307,5.9583273615635175,8.173264625407167
9.74201628664495,0.3876807817589624,5.955661237785017,8.154495114006519
9.750014657980454,0.36187270358306606,5.952995114006515,8.135725602605866
9.75801302931596,0.3360646254071697,5.950328990228013,8.116956091205216
9.766011400651465,0.3102565472312733,5.9476628664495115,8.098186579804564
9.77400977198697,0.284448469055377,5.94499674267101,8.079417068403911
9.782008143322475,0.25864039087948065,5.942330618892508,8.060647557003259
9.790006514657978,0.23283231270359,5.939664495114007,8.041878045602612
9.798004885993484,0.20702423452769364,5.9369983713355055,8.02310853420196
9.806003257328989,0.18121615635179728,5.934332247557004,8.004339022801307
9.814001628664494,0.08008916938104299,5.6410635179152635,8.122007328990223
9.822,0.518,5.953,8.158
