gyro_time_list,gyro_x_list,gyro_y_list,gyro_z_list
0.0,0.1,-0.1,-0.1
0.008,0.3934959349593496,0.0967479674796748,-0.0032520325203252037
0.016,0.367479674796748,0.08373983739837398,-0.016260162601626018
0.024,0.34146341463414637,0.07073170731707318,-0.029268292682926834
0.032,0.3154471544715447,0.05772357723577236,-0.04227642276422765
0.04,0.2894308943089431,0.04471544715447154,-0.05528455284552847
0.048,0.2634146341463415,0.03170731707317073,-0.06829268292682927
0.056,0.23739837398373984,0.018699186991869912,-0.0813008130081301
0.064,0.2113821138211382,0.005691056910569092,-0.09430894308943091
0.07200000000000001,0.18536585365853658,-0.007317073170731714,-0.10731707317073172
0.08,0.15934959349593497,-0.02032520325203252,-0.12032520325203253
0.088,0.13333333333333336,-0.033333333333333326,-0.13333333333333333
0.096,0.10731707317073169,-0.04634146341463416,-0.14634146341463417
0.10400000000000001,0.08130081300813008,-0.059349593495934966,-0.15934959349593497
0.112,0.05528455284552847,-0.07235772357723577,-0.17235772357723578
0.12,0.029268292682926855,-0.08536585365853658,-0.18536585365853658
0.128,0.0032520325203251876,-0.09837398373983741,-0.19837398373983742
0.136,0.0012987012987013002,0.0,0.0
0.14400000000000002,0.011688311688311703,0.0,0.0
0.152,0.022077922077922068,0.0,0.0
0.16,0.03246753246753247,0.0,0.0
0.168,0.04285714285714287,0.0,0.0
0.176,0.05324675324675324,0.0,0.0
0.184,0.06363636363636364,0.0,0.0
0.192,0.07402597402597405,0.0,0.0
0.2,0.08441558441558444,0.0,0.0
0.20800000000000002,0.09480519480519485,0.0,0.0
0.216,0.0,0.0,0.0
0.224,0.0,0.0,0.0
0.232,0.0,0.0,0.0
0.24,0.0,0.0,0.0
0.248,0.0,0.0,0.0
0.256,0.0,0.0,0.0
0.264,0.0,0.0,0.0
0.272,0.0,0.0,0.0
0.28,0.0,0.0,0.0
0.28800000000000003,0.0,0.0,0.0
0.296,0.0,0.0,0.0
0.304,0.0,0.0,0.0
0.312,0.0,0.0,0.0
0.32,0.0,0.0,0.0
0.328,0.0,0.0,0.0
0.336,0.05,0.0,0.0
0.34400000000000003,0.0,0.0,0.0
0.352,0.0,0.0,-0.01206896551724138
0.36,0.0,0.0,-0.025862068965517244
0.368,0.0,0.0,-0.039655172413793106
0.376,0.0,0.0,-0.05344827586206897
0.384,0.0,0.0,-0.06724137931034484
0.392,0.0,0.0,-0.0810344827586207
0.4,0.0,0.0,-0.09482758620689656
0.40800000000000003,0.0,0.0,0.0
0.41600000000000004,0.0,0.0,0.0
0.424,0.0,0.0,0.0
0.432,0.0,0.0,0.0
0.44,0.0,0.0,0.0
0.448,0.0,0.0,0.0
0.456,0.0,0.0,0.0
0.464,0.0,0.0,0.0
0.47200000000000003,0.0,0.0,0.0
0.48,0.0,0.0,0.0
0.488,0.0,0.0,0.0
0.496,0.0,0.0,0.0
0.504,0.0,0.0,0.0
0.512,0.0,0.0,0.0
0.52,0.0,0.0,0.0
0.528,-0.1,0.0,0.0
0.536,0.0,0.0,0.0
0.544,0.0,0.0,0.0
0.552,0.0,0.0,0.0
0.56,0.0,0.0,0.0
0.5680000000000001,0.0,0.0,0.0
0.5760000000000001,0.0,0.0,0.0
0.584,0.0,0.0,0.0
0.592,0.0,0.0,0.0
0.6,0.0,0.0,0.0
0.608,0.0,0.0,0.0
0.616,-0.25,0.1,0.0
0.624,-0.2,0.2,0.1
0.632,-0.2,0.2,0.1
0.64,-0.2,0.2,0.1
0.648,-0.2,0.2,0.1
0.656,-0.2,0.2,0.1
0.664,-0.2,0.2,0.1
0.672,-0.2,0.2,0.1
0.68,-0.2,0.2,0.1
0.6880000000000001,-0.2,0.2,0.1
0.6960000000000001,-0.2,0.2,0.1
0.704,-0.2,0.2,0.1
0.712,-0.2,0.2,0.1
0.72,-0.2,0.2,0.1
0.728,-0.2,0.2,0.1
0.736,-0.2,0.2,0.1
0.744,-0.64,0.2,0.22
0.752,-0.8,0.2,0.3
0.76,-0.8202531645569621,0.2,0.3
0.768,-0.8405063291139241,0.2,0.3
0.776,-0.8607594936708862,0.2,0.3
0.784,-0.8810126582278482,0.2,0.3
0.792,-0.9012658227848103,0.2,0.3
0.8,-0.9215189873417723,0.2,0.3
0.808,-0.9417721518987344,0.2,0.3
0.8160000000000001,-0.9620253164556964,0.2,0.3
0.8240000000000001,-0.9822784810126585,0.2,0.3
0.8320000000000001,-1.1000000000000112,0.25000000000000555,0.35000000000000553
0.84,-2.04,0.3,0.58
0.848,-2.3060975609756094,0.4,0.7060975609756097
0.856,-2.315853658536585,0.4,0.7158536585365853
0.864,-2.3256097560975606,0.4,0.725609756097561
0.872,-2.335365853658536,0.4,0.7353658536585366
0.88,-2.345121951219512,0.4,0.7451219512195122
0.888,-2.3548780487804875,0.4,0.7548780487804878
0.896,-2.364634146341463,0.4,0.7646341463414634
0.904,-2.3743902439024387,0.4,0.774390243902439
0.912,-2.3841463414634143,0.4,0.7841463414634147
0.92,-2.39390243902439,0.4,0.7939024390243903
0.928,-3.1,0.5,1.1
0.936,-3.808247422680412,0.49587628865979383,1.5082474226804123
0.9440000000000001,-3.824742268041237,0.48762886597938143,1.5247422680412372
0.9520000000000001,-3.841237113402062,0.47938144329896903,1.541237113402062
0.96,-3.857731958762886,0.47113402061855675,1.5577319587628864
0.968,-3.8742268041237113,0.46288659793814435,1.5742268041237113
0.976,-3.890721649484536,0.454639175257732,1.590721649484536
0.984,-3.9072164948453607,0.4463917525773196,1.6072164948453609
0.992,-3.9237113402061854,0.4381443298969072,1.6237113402061856
1.0,-3.9402061855670105,0.4298969072164948,1.6402061855670103
1.008,-3.956701030927835,0.4216494845360824,1.6567010309278352
1.016,-3.97319587628866,0.41340206185567,1.6731958762886598
1.024,-3.9896907216494846,0.4051546391752576,1.6896907216494848
1.032,-4.0,0.4,2.100000000000011
1.04,-3.5961904761904764,0.2,2.603809523809524
1.048,-3.5885714285714285,0.2,2.6114285714285717
1.056,-3.580952380952381,0.2,2.619047619047619
1.064,-3.5733333333333333,0.2,2.626666666666667
1.072,-3.565714285714286,0.2,2.6342857142857143
1.08,-3.558095238095238,0.2,2.641904761904762
1.088,-3.5504761904761906,0.2,2.6495238095238096
1.096,-3.5428571428571427,0.2,2.6571428571428575
1.104,-3.5352380952380953,0.2,2.664761904761905
1.112,-3.5276190476190474,0.2,2.6723809523809527
1.12,-3.52,0.2,2.68
1.1280000000000001,-3.512380952380952,0.2,2.687619047619048
1.1360000000000001,-3.5047619047619047,0.2,2.6952380952380954
1.1440000000000001,-3.6,0.18888888888888752,2.8222222222222246
1.1520000000000001,-3.6,0.0999999999999889,3.0
1.16,-3.606849315068493,-0.10684931506849302,2.993150684931507
1.168,-3.617808219178082,-0.11780821917808207,2.982191780821918
1.176,-3.628767123287671,-0.12876712328767115,2.971232876712329
1.184,-3.6397260273972605,-0.1397260273972602,2.9602739726027396
1.192,-3.6506849315068495,-0.15068493150684925,2.9493150684931506
1.2,-3.6616438356164385,-0.1616438356164383,2.9383561643835616
1.208,-3.6726027397260275,-0.17260273972602735,2.9273972602739726
1.216,-3.6835616438356165,-0.18356164383561643,2.9164383561643836
1.224,-3.6945205479452055,-0.19452054794520549,2.9054794520547946
1.232,-3.7500000000000018,-0.34999999999999815,2.6000000000000036
1.24,-3.38695652173913,-0.4,2.0869565217391304
1.248,-3.360869565217391,-0.4,2.0608695652173914
1.256,-3.3347826086956522,-0.4,2.0347826086956524
1.264,-3.308695652173913,-0.4,2.008695652173913
1.272,-3.282608695652174,-0.4,1.982608695652174
1.28,-3.256521739130435,-0.4,1.9565217391304348
1.288,-3.230434782608696,-0.4,1.9304347826086956
1.296,-3.2043478260869565,-0.4,1.9043478260869566
1.304,-3.1782608695652175,-0.4,1.8782608695652174
1.312,-3.1521739130434785,-0.4,1.8521739130434782
1.32,-3.126086956521739,-0.4,1.8260869565217392
1.328,-3.1,-0.4,1.8
1.336,-2.865384615384614,-0.19711538461538453,0.9971153846153845
1.344,-2.7730769230769217,-0.18942307692307683,0.9894230769230768
1.352,-2.6807692307692292,-0.18173076923076914,0.9817307692307691
1.36,-2.5884615384615373,-0.17403846153846145,0.9740384615384614
1.368,-2.496153846153845,-0.16634615384615375,0.9663461538461537
1.3760000000000001,-2.4038461538461524,-0.15865384615384606,0.9586538461538461
1.3840000000000001,-2.3115384615384604,-0.15096153846153837,0.9509615384615384
1.3920000000000001,-2.219230769230768,-0.14326923076923068,0.9432692307692306
1.4000000000000001,-2.1269230769230756,-0.13557692307692298,0.935576923076923
1.408,-2.034615384615386,-0.12788461538461549,0.9278846153846155
1.416,-1.9423076923076934,-0.1201923076923078,0.9201923076923079
1.424,-1.8500000000000012,-0.11250000000000011,0.9125000000000001
1.432,-1.757692307692309,-0.10480769230769242,0.9048076923076924
1.44,-0.5,-1.3877787807814457e-17,0.8
1.448,-0.6108695652173913,0.19782608695652176,0.7
1.456,-0.6543478260869565,0.18913043478260871,0.7
1.464,-0.6978260869565217,0.18043478260869567,0.7
1.472,-0.741304347826087,0.17173913043478262,0.7
1.48,-0.7847826086956522,0.16304347826086957,0.7
1.488,-0.8282608695652174,0.15434782608695652,0.7
1.496,-0.8717391304347827,0.1456521739130435,0.7
1.504,-0.9152173913043479,0.13695652173913045,0.7
1.512,-0.9586956521739132,0.1282608695652174,0.7
1.52,-1.0021739130434784,0.11956521739130435,0.7
1.528,-1.0456521739130435,0.11086956521739132,0.7
1.536,-1.0891304347826087,0.10217391304347827,0.7
1.544,-1.244444444444445,0.2,0.8
1.552,-1.2,0.25000000000000555,0.7
1.56,-1.2,0.3,0.6902777777777775
1.568,-1.2,0.3,0.6791666666666665
1.576,-1.2,0.3,0.6680555555555554
1.584,-1.2,0.3,0.6569444444444442
1.592,-1.2,0.3,0.6458333333333331
1.6,-1.2,0.3,0.6347222222222221
1.608,-1.2,0.3,0.6236111111111109
1.616,-1.2,0.3,0.6124999999999998
1.624,-1.2,0.3,0.6013888888888888
1.6320000000000001,-1.0989795918367347,0.4,0.19897959183673458
1.6400000000000001,-1.0908163265306121,0.4,0.19081632653061215
1.6480000000000001,-1.0826530612244898,0.4,0.18265306122448968
1.6560000000000001,-1.0744897959183672,0.4,0.17448979591836725
1.6640000000000001,-1.066326530612245,0.4,0.16632653061224478
1.672,-1.0581632653061226,0.4,0.15816326530612257
1.68,-1.0500000000000003,0.4,0.15000000000000013
1.688,-1.0418367346938777,0.4,0.14183673469387767
1.696,-1.0336734693877552,0.4,0.1336734693877552
1.704,-1.0255102040816328,0.4,0.12551020408163277
1.712,-1.0173469387755103,0.4,0.11734693877551032
1.72,-1.009183673469388,0.4,0.10918367346938787
1.728,-1.0010204081632654,0.4,0.10102040816326542
1.736,-1.699999999999989,0.15000000000000557,-0.14999999999999447
1.744,-1.693103448275862,0.09310344827586206,-0.2137931034482759
1.752,-1.6839080459770115,0.08390804597701147,-0.23218390804597708
1.76,-1.674712643678161,0.07471264367816088,-0.25057471264367825
1.768,-1.6655172413793102,0.06551724137931031,-0.2689655172413794
1.776,-1.6563218390804597,0.056321839080459714,-0.2873563218390806
1.784,-1.6471264367816092,0.047126436781609125,-0.30574712643678176
1.792,-1.6379310344827587,0.03793103448275854,-0.32413793103448296
1.8,-1.628735632183908,0.028735632183907955,-0.3425287356321841
1.808,-1.6195402298850574,0.019540229885057367,-0.36091954022988526
1.816,-1.610344827586207,0.010344827586206778,-0.37931034482758647
1.824,-1.6011494252873564,0.00114942528735619,-0.39770114942528767
1.832,-1.1,0.1,-0.7
1.84,-0.17575757575757572,0.1,-0.9040404040404041
1.848,-0.1272727272727272,0.1,-0.9121212121212121
1.856,-0.07878787878787864,0.1,-0.9202020202020202
1.864,-0.030303030303030082,0.1,-0.9282828282828284
1.872,0.018181818181818465,0.1,-0.9363636363636364
1.8800000000000001,0.06666666666666698,0.1,-0.9444444444444445
1.8880000000000001,0.11515151515151556,0.1,-0.9525252525252526
1.8960000000000001,0.16363636363636408,0.1,-0.9606060606060607
1.9040000000000001,0.21212121212121265,0.1,-0.9686868686868688
1.9120000000000001,0.26060606060606123,0.1,-0.9767676767676768
1.92,0.30909090909090836,0.1,-0.9848484848484848
1.928,0.35757575757575694,0.1,-0.9929292929292928
1.936,0.44210526315789034,0.1,-1.0105263157894726
1.944,0.7789473684210502,0.1,-1.0947368421052626
1.952,1.11578947368421,0.1,-1.1789473684210525
1.96,3.2971830985915496,-0.1014084507042252,-1.4028169014084504
1.968,3.2746478873239435,-0.11267605633802807,-1.425352112676056
1.976,3.252112676056338,-0.12394366197183095,-1.4478873239436618
1.984,3.2295774647887323,-0.13521126760563382,-1.4704225352112676
1.992,3.2070422535211267,-0.1464788732394367,-1.4929577464788735
2.0,3.1845070422535207,-0.15774647887323956,-1.515492957746479
2.008,3.161971830985915,-0.16901408450704242,-1.538028169014085
2.016,3.1394366197183095,-0.1802816901408453,-1.5605633802816907
2.024,3.116901408450704,-0.1915492957746482,-1.5830985915492963
2.032,2.433333333333284,-0.2666666666666716,-1.6
2.04,0.39560439560439514,-0.2978021978021976,-2.1021978021978027
2.048,0.37802197802197757,-0.28901098901098876,-2.1109890109890115
2.056,0.36043956043956005,-0.28021978021978,-2.1197802197802202
2.064,0.34285714285714247,-0.27142857142857124,-2.128571428571429
2.072,0.3252747252747249,-0.2626373626373624,-2.1373626373626378
2.08,0.3076923076923074,-0.25384615384615367,-2.1461538461538465
2.088,0.2901098901098898,-0.24505494505494488,-2.1549450549450553
2.096,0.2725274725274722,-0.2362637362637361,-2.163736263736264
2.104,0.25494505494505465,-0.22747252747252733,-2.172527472527473
2.112,0.2373626373626371,-0.21868131868131854,-2.1813186813186816
2.12,0.21978021978021953,-0.20989010989010976,-2.1901098901098903
2.128,0.20219780219780198,-0.201098901098901,-2.198901098901099
2.136,1.1,-0.3,-2.2
2.144,1.1080808080808082,-0.3,-2.191919191919192
2.152,1.1161616161616164,-0.3,-2.183838383838384
2.16,1.1242424242424245,-0.3,-2.175757575757576
2.168,1.1323232323232324,-0.3,-2.1676767676767676
2.176,1.1404040404040405,-0.3,-2.1595959595959595
2.184,1.1484848484848487,-0.3,-2.1515151515151514
2.192,1.1565656565656568,-0.3,-2.1434343434343432
2.2,1.164646464646465,-0.3,-2.135353535353535
2.208,1.172727272727273,-0.3,-2.127272727272727
2.216,1.180808080808081,-0.3,-2.119191919191919
2.224,1.188888888888889,-0.3,-2.1111111111111107
2.232,1.1969696969696972,-0.3,-2.1030303030303026
2.24,1.2714285714285751,-0.3,-1.9571428571428497
2.248,1.0987179487179484,-0.3,-1.2961538461538449
2.2560000000000002,1.0884615384615381,-0.3,-1.2653846153846142
2.2640000000000002,1.078205128205128,-0.3,-1.2346153846153836
2.2720000000000002,1.0679487179487177,-0.3,-1.203846153846153
2.2800000000000002,1.0576923076923075,-0.3,-1.1730769230769222
2.2880000000000003,1.0474358974358973,-0.3,-1.1423076923076916
2.2960000000000003,1.037179487179487,-0.3,-1.1115384615384607
2.3040000000000003,1.0269230769230768,-0.3,-1.08076923076923
2.312,1.016666666666667,-0.3,-1.0500000000000012
2.32,1.0064102564102568,-0.3,-1.0192307692307705
2.328,0.8666666666666691,-0.16666666666666916,-0.6000000000000074
2.336,0.4979166666666669,0.10104166666666656,0.40416666666666623
2.344,0.48125000000000023,0.10937499999999989,0.43749999999999956
2.352,0.46458333333333357,0.11770833333333322,0.4708333333333329
2.36,0.4479166666666669,0.12604166666666655,0.5041666666666662
2.368,0.43125000000000024,0.13437499999999988,0.5374999999999995
2.376,0.4145833333333335,0.14270833333333321,0.5708333333333329
2.384,0.3979166666666669,0.15104166666666657,0.6041666666666663
2.392,0.3812500000000002,0.1593749999999999,0.6374999999999996
2.4,0.36458333333333354,0.16770833333333324,0.670833333333333
2.408,0.3479166666666669,0.17604166666666657,0.7041666666666663
2.416,0.3312500000000002,0.1843749999999999,0.7374999999999996
2.424,0.31458333333333355,0.19270833333333323,0.7708333333333329
2.432,0.2625000000000042,0.2,0.8499999999999945
2.44,-0.3,0.3,1.6
2.448,-1.0243902439024386,0.6060975609756096,2.7304878048780483
2.456,-1.063414634146341,0.6158536585365852,2.7792682926829264
2.464,-1.1024390243902435,0.6256097560975609,2.828048780487805
2.472,-1.1414634146341462,0.6353658536585365,2.876829268292683
2.48,-1.1804878048780487,0.6451219512195121,2.925609756097561
2.488,-1.2195121951219512,0.6548780487804878,2.9743902439024392
2.496,-1.2585365853658539,0.6646341463414634,3.0231707317073173
2.504,-1.2975609756097564,0.6743902439024391,3.0719512195121954
2.512,-1.3365853658536588,0.6841463414634147,3.120731707317074
2.52,-1.3756097560975613,0.6939024390243903,3.169512195121952
2.528,-2.3,0.6,3.9
2.536,-2.8,0.4,3.6
2.544,-2.7257731958762883,0.3835051546391753,3.5587628865979384
2.552,-2.651546391752577,0.3670103092783505,3.5175257731958762
2.56,-2.5773195876288657,0.35051546391752575,3.4762886597938145
2.568,-2.503092783505154,0.33402061855670095,3.4350515463917524
2.576,-2.4288659793814427,0.3175257731958762,3.3938144329896907
2.584,-2.3546391752577316,0.3010309278350515,3.3525773195876285
2.592,-2.28041237113402,0.2845360824742267,3.311340206185567
2.6,-2.2061855670103085,0.2680412371134019,3.270103092783505
2.608,-2.131958762886597,0.2515463917525772,3.228865979381443
2.616,-2.0577319587628855,0.2350515463917524,3.187628865979381
2.624,-1.9835051546391744,0.21855670103092764,3.146391752577319
2.632,-1.909278350515463,0.20206185567010287,3.1051546391752574
2.64,-0.15000000000000557,-0.1,1.1874999999999876
2.648,-0.35000000000000553,-0.1,0.7374999999999875
2.656,-0.4922077922077913,-0.09740259740259712,0.38441558441558266
2.664,-0.46103896103896014,-0.08701298701298671,0.32207792207792024
2.672,-0.4298701298701289,-0.0766233766233763,0.25974025974025783
2.68,-0.39870129870129767,-0.0662337662337659,0.1974025974025954
2.688,-0.3675324675324665,-0.055844155844155495,0.13506493506493294
2.696,-0.33636363636363525,-0.04545454545454509,0.07272727272727053
2.704,-0.305194805194804,-0.035064935064934674,0.010389610389608062
2.712,-0.27402597402597284,-0.02467532467532428,-0.05194805194805435
2.72,-0.2428571428571416,-0.014285714285713874,-0.11428571428571677
2.728,-0.21168831168831043,-0.003896103896103467,-0.17662337662337924
2.736,0.20000000000000004,0.4,-1.1
2.744,0.8202247191011244,0.40674157303370817,-1.1
2.7520000000000002,0.847191011235956,0.415730337078652,-1.1
2.7600000000000002,0.8741573033707875,0.4247191011235958,-1.1
2.7680000000000002,0.9011235955056189,0.43370786516853965,-1.1
2.7760000000000002,0.9280898876404504,0.44269662921348346,-1.1
2.7840000000000003,0.9550561797752819,0.45168539325842727,-1.1
2.7920000000000003,0.9820224719101134,0.46067415730337113,-1.1
2.8000000000000003,1.0089887640449449,0.46966292134831494,-1.1
2.8080000000000003,1.0359550561797763,0.47865168539325875,-1.1
2.816,1.0629213483146063,0.4876404494382021,-1.1
2.824,1.089887640449438,0.4966292134831459,-1.1
2.832,1.2,0.4,-0.6
2.84,1.1913978494623656,0.3913978494623656,-0.5741935483870967
2.848,1.1827956989247312,0.3827956989247312,-0.5483870967741935
2.856,1.1741935483870967,0.37419354838709673,-0.5225806451612902
2.864,1.1655913978494623,0.3655913978494623,-0.496774193548387
2.872,1.156989247311828,0.3569892473118279,-0.47096774193548374
2.88,1.1483870967741936,0.3483870967741935,-0.44516129032258045
2.888,1.139784946236559,0.3397849462365591,-0.41935483870967716
2.896,1.1311827956989247,0.33118279569892467,-0.393548387096774
2.904,1.1225806451612903,0.32258064516129026,-0.3677419354838707
2.912,1.113978494623656,0.3139784946236558,-0.34193548387096745
2.92,1.1053763440860216,0.3053763440860214,-0.31612903225806416
2.928,0.6333333333333457,0.3,0.06666666666666173
2.936,0.0,0.3990196078431374,0.7009803921568626
2.944,0.0,0.3911764705882354,0.7088235294117646
2.952,0.0,0.3833333333333334,0.7166666666666666
2.96,0.0,0.3754901960784314,0.7245098039215685
2.968,0.0,0.36764705882352944,0.7323529411764705
2.976,0.0,0.3598039215686275,0.7401960784313725
2.984,0.0,0.3519607843137255,0.7480392156862745
2.992,0.0,0.34411764705882353,0.7558823529411764
3.0,0.0,0.33627450980392154,0.7637254901960785
3.008,0.0,0.32843137254901955,0.7715686274509804
3.016,0.0,0.32058823529411756,0.7794117647058825
3.024,0.0,0.3127450980392156,0.7872549019607844
3.032,0.0,0.30490196078431364,0.7950980392156864
3.04,-0.8,0.1,0.9
3.048,-1.4333333333333333,-0.06666666666666668,0.6333333333333333
3.056,-1.4932432432432434,-0.1,0.5932432432432434
3.064,-1.4824324324324325,-0.1,0.5824324324324325
3.072,-1.4716216216216216,-0.1,0.5716216216216217
3.08,-1.4608108108108109,-0.1,0.5608108108108109
3.088,-1.45,-0.1,0.55
3.096,-1.439189189189189,-0.1,0.5391891891891891
3.104,-1.4283783783783783,-0.1,0.5283783783783783
3.112,-1.4175675675675674,-0.1,0.5175675675675675
3.12,-1.4067567567567565,-0.1,0.5067567567567566
3.128,-0.8761904761904686,0.0,0.4952380952380937
3.136,-0.6857142857142812,0.0,0.45714285714285624
3.144,-0.4952380952380937,0.0,0.4190476190476188
3.152,0.0,0.0,0.0987179487179483
3.16,0.0,0.0,0.08846153846153808
3.168,0.0,0.0,0.07820512820512784
3.176,0.0,0.0,0.06794871794871762
3.184,0.0,0.0,0.05769230769230739
3.192,0.0,0.0,0.04743589743589716
3.2,0.0,0.0,0.037179487179486936
3.208,0.0,0.0,0.026923076923076703
3.216,0.0,0.0,0.016666666666666483
3.224,0.0,0.0,0.006410256410256249
3.232,0.5000000000000444,0.0,-0.30000000000002225
3.24,1.8314606741573034,0.1,-0.7
3.248,1.8943820224719103,0.1,-0.7
3.2560000000000002,1.957303370786517,0.1,-0.7
3.2640000000000002,2.020224719101124,0.1,-0.7
3.2720000000000002,2.083146067415731,0.1,-0.7
3.2800000000000002,2.1460674157303377,0.1,-0.7
3.2880000000000003,2.2089887640449444,0.1,-0.7
3.2960000000000003,2.271910112359551,0.1,-0.7
3.3040000000000003,2.334831460674158,0.1,-0.7
3.3120000000000003,2.3977528089887645,0.1,-0.7
3.3200000000000003,2.4606741573033717,0.1,-0.7
3.3280000000000003,3.0666666666666913,-0.033333333333338266,-0.7666666666666617
3.336,3.7,-0.2,-0.6
3.344,3.6764705882352944,-0.20784313725490194,-0.6078431372549019
3.352,3.6529411764705886,-0.2156862745098039,-0.6156862745098038
3.36,3.629411764705883,-0.22352941176470584,-0.6235294117647058
3.368,3.605882352941177,-0.23137254901960777,-0.6313725490196077
3.376,3.5823529411764707,-0.23921568627450973,-0.6392156862745096
3.384,3.558823529411765,-0.24705882352941166,-0.6470588235294117
3.392,3.535294117647059,-0.2549019607843136,-0.6549019607843136
3.4,3.5117647058823533,-0.26274509803921553,-0.6627450980392156
3.408,3.4882352941176475,-0.27058823529411746,-0.6705882352941175
3.416,3.4647058823529417,-0.2784313725490194,-0.6784313725490194
3.424,3.441176470588236,-0.2862745098039214,-0.6862745098039214
3.432,3.41764705882353,-0.2941176470588233,-0.6941176470588233
3.44,2.8,-0.4,-0.9
3.448,1.6200000000000072,-0.45999999999999913,-1.319999999999998
3.456,0.6879999999999995,-0.5,-1.6040000000000003
3.464,0.6559999999999996,-0.5,-1.614666666666667
3.472,0.6239999999999997,-0.5,-1.6253333333333335
3.48,0.5919999999999996,-0.5,-1.6360000000000001
3.488,0.5599999999999997,-0.5,-1.6466666666666667
3.496,0.5279999999999998,-0.5,-1.6573333333333333
3.504,0.4959999999999999,-0.5,-1.6680000000000001
3.512,0.4639999999999999,-0.5,-1.6786666666666668
3.52,0.43199999999999994,-0.5,-1.6893333333333334
3.528,0.4,-0.5,-1.7
3.536,0.2,-0.4,-1.7
3.544,0.0933333333333331,-0.4,-1.5933333333333333
3.552,0.08444444444444424,-0.4,-1.5844444444444443
3.56,0.07555555555555538,-0.4,-1.5755555555555554
3.568,0.06666666666666651,-0.4,-1.5666666666666667
3.576,0.05777777777777764,-0.4,-1.5577777777777777
3.584,0.048888888888888773,-0.4,-1.5488888888888888
3.592,0.039999999999999904,-0.4,-1.54
3.6,0.031111111111111034,-0.4,-1.531111111111111
3.608,0.02222222222222217,-0.4,-1.5222222222222221
3.616,0.013333333333333308,-0.4,-1.5133333333333334
3.624,0.004444444444444445,-0.4,-1.5044444444444445
3.632,-0.2,-0.2499999999999889,-1.0499999999999667
3.64,-0.2,-0.09767441860465091,-0.5930232558139528
3.648,-0.2,-0.08837209302325559,-0.5651162790697667
3.656,-0.2,-0.07906976744186027,-0.5372093023255807
3.664,-0.2,-0.06976744186046493,-0.5093023255813948
3.672,-0.2,-0.060465116279069614,-0.4813953488372088
3.68,-0.2,-0.051162790697674286,-0.45348837209302284
3.688,-0.2,-0.041860465116278965,-0.4255813953488369
3.696,-0.2,-0.03255813953488364,-0.3976744186046509
3.704,-0.2,-0.023255813953488316,-0.36976744186046495
3.712,-0.2,-0.013953488372092981,-0.341860465116279
3.72,-0.2,-0.0046511627906976605,-0.31395348837209297
3.728,-0.2500000000000111,0.15000000000001112,0.45000000000003326
3.736,-0.4058823529411767,0.2058823529411767,0.9235294117647068
3.744,-0.4137254901960787,0.2137254901960787,0.9549019607843148
3.7520000000000002,-0.42156862745098067,0.22156862745098066,0.9862745098039226
3.7600000000000002,-0.42941176470588266,0.22941176470588265,1.0176470588235307
3.7680000000000002,-0.43725490196078465,0.2372549019607846,1.0490196078431384
3.7760000000000002,-0.4450980392156866,0.2450980392156866,1.0803921568627464
3.7840000000000003,-0.45294117647058857,0.25294117647058856,1.1117647058823543
3.7920000000000003,-0.46078431372549056,0.26078431372549055,1.1431372549019623
3.8000000000000003,-0.46862745098039255,0.26862745098039253,1.1745098039215702
3.8080000000000003,-0.47647058823529453,0.27647058823529447,1.205882352941178
3.8160000000000003,-0.48431372549019647,0.28431372549019646,1.237254901960786
3.8240000000000003,-0.49215686274509846,0.29215686274509844,1.2686274509803939
3.8320000000000003,-0.5000000000000222,0.3000000000000222,1.3000000000000889
3.84,-0.6499999999999981,0.35000000000000187,1.8999999999999926
3.848,-0.7666666666666568,0.16666666666668642,2.366666666666627
3.856,-1.0062499999999999,-0.09375000000000014,2.8062499999999995
3.864,-1.0162499999999999,-0.08375000000000014,2.8162499999999997
3.872,-1.0262499999999999,-0.07375000000000015,2.82625
3.88,-1.03625,-0.06375000000000014,2.8362499999999997
3.888,-1.04625,-0.053750000000000145,2.8462499999999995
3.896,-1.05625,-0.04375000000000014,2.8562499999999997
3.904,-1.06625,-0.03375000000000014,2.86625
3.912,-1.07625,-0.023750000000000146,2.8762499999999998
3.92,-1.08625,-0.013750000000000151,2.8862499999999995
3.928,-1.09625,-0.003750000000000142,2.8962499999999998
3.936,-1.9,0.1,2.2
3.944,-2.2793103448275867,0.006896551724137667,1.7724137931034494
3.952,-2.2517241379310353,0.016091954022988228,1.735632183908047
3.96,-2.2241379310344835,0.025287356321838792,1.6988505747126448
3.968,-2.1965517241379318,0.034482758620689356,1.6620689655172425
3.976,-2.16896551724138,0.04367816091953992,1.6252873563218402
3.984,-2.1413793103448286,0.05287356321839048,1.588505747126438
3.992,-2.113793103448277,0.062068965517241045,1.5517241379310358
4.0,-2.086206896551725,0.0712643678160916,1.5149425287356335
4.008,-2.0586206896551733,0.08045977011494217,1.4781609195402312
4.016,-2.031034482758622,0.08965517241379273,1.441379310344829
4.024,-2.00344827586207,0.09885057471264329,1.4045977011494268
4.032,1.310526315789477,0.4,-0.10315789473684314
4.04,1.3947368421052662,0.4,-0.12842105263157985
4.048,1.478947368421055,0.4,-0.15368421052631653
4.056,1.563157894736844,0.4,-0.17894736842105324
4.064,1.647368421052633,0.4,-0.20421052631578995
4.072,1.731578947368422,0.4,-0.22947368421052664
4.08,1.815789473684211,0.4,-0.2547368421052634
4.088,1.9,0.4,-0.28
4.096,1.9842105263157888,0.4,-0.30526315789473674
4.104,2.068421052631578,0.4,-0.33052631578947345
4.112,2.152631578947367,0.4,-0.3557894736842101
4.12,2.2368421052631557,0.4,-0.38105263157894687
4.128,2.8,0.4,-0.6
4.136,2.8,0.3111111111111056,-0.6888888888888943
4.144,1.6599999999999957,0.196363636363636,-0.596363636363636
4.152,1.5799999999999959,0.18909090909090873,-0.5890909090909087
4.16,1.499999999999996,0.18181818181818146,-0.5818181818181815
4.168,1.419999999999996,0.1745454545454542,-0.5745454545454541
4.176,1.3399999999999963,0.16727272727272693,-0.5672727272727269
4.184,1.2599999999999965,0.1599999999999997,-0.5599999999999996
4.192,1.1799999999999966,0.15272727272727243,-0.5527272727272724
4.2,1.0999999999999965,0.14545454545454517,-0.5454545454545452
4.208,1.019999999999997,0.1381818181818179,-0.5381818181818179
4.216,0.939999999999997,0.13090909090909064,-0.5309090909090907
4.224,0.8599999999999972,0.12363636363636339,-0.5236363636363633
4.232,0.7799999999999974,0.11636363636363613,-0.5163636363636361
4.24,0.6999999999999975,0.10909090909090888,-0.5090909090909088
4.248,0.6199999999999977,0.10181818181818161,-0.5018181818181816
4.256,0.32307692307691044,0.1,-0.45384615384615173
4.264,-0.04615384615386198,0.1,-0.3923076923076897
4.272,-0.41538461538463445,0.1,-0.3307692307692276
4.28,-1.8,0.2,0.1
4.288,-1.6782608695652177,0.2,0.20724637681159405
4.296,-1.6434782608695655,0.2,0.2188405797101448
4.304,-1.6086956521739133,0.2,0.23043478260869554
4.312,-1.573913043478261,0.2,0.24202898550724627
4.32,-1.539130434782609,0.2,0.253623188405797
4.328,-1.5043478260869567,0.2,0.26521739130434774
4.336,-1.4695652173913043,0.2,0.27681159420289847
4.344,-1.434782608695652,0.2,0.28840579710144926
4.352,-1.4,0.2,0.3
4.36,-0.3,0.29843749999999947,0.4984374999999995
4.368,-0.3,0.28593749999999946,0.48593749999999947
4.376,-0.3,0.2734374999999995,0.4734374999999995
4.384,-0.3,0.2609374999999995,0.4609374999999995
4.392,-0.3,0.24843749999999948,0.4484374999999995
4.4,-0.3,0.23593749999999947,0.4359374999999995
4.408,-0.3,0.22343749999999948,0.42343749999999947
4.416,-0.3,0.2109374999999995,0.4109374999999995
4.424,-0.40000000000004443,0.14999999999997782,0.29999999999995564
4.432,-0.4910112359550532,-0.2,-0.4067415730337101
4.44,-0.45505617977527807,-0.2,-0.4337078651685415
4.448,-0.41910112359550294,-0.2,-0.4606741573033728
4.456,-0.38314606741572776,-0.2,-0.48764044943820417
4.464,-0.34719101123595264,-0.2,-0.5146067415730355
4.472,-0.3112359550561775,-0.2,-0.5415730337078669
4.48,-0.2752808988764024,-0.2,-0.5685393258426983
4.488,-0.2393258426966272,-0.2,-0.5955056179775295
4.496,-0.2033707865168521,-0.2,-0.6224719101123609
4.5040000000000004,-0.1674157303370769,-0.2,-0.6494382022471923
4.5120000000000005,-0.13146067415730178,-0.2,-0.6764044943820237
4.5200000000000005,4.440892098500626e-14,-0.2,-0.8000000000000445
4.5280000000000005,0.1066666666666689,-0.09833333333333279,-1.2050000000000016
4.5360000000000005,0.13333333333333555,-0.09166666666666612,-1.2250000000000016
4.5440000000000005,0.16000000000000222,-0.08499999999999945,-1.2450000000000017
4.5520000000000005,0.1866666666666689,-0.07833333333333278,-1.2650000000000017
4.5600000000000005,0.21333333333333554,-0.07166666666666612,-1.2850000000000017
4.5680000000000005,0.24000000000000224,-0.06499999999999945,-1.3050000000000017
4.5760000000000005,0.2666666666666689,-0.058333333333332786,-1.3250000000000017
4.5840000000000005,0.29333333333333556,-0.05166666666666612,-1.3450000000000015
4.5920000000000005,0.3200000000000022,-0.04499999999999945,-1.3650000000000015
4.6000000000000005,0.3466666666666689,-0.03833333333333278,-1.3850000000000016
4.6080000000000005,0.3733333333333355,-0.03166666666666612,-1.4050000000000016
4.616,0.39999999999999925,-0.02500000000000019,-1.4249999999999994
4.624,0.426666666666666,-0.01833333333333352,-1.4449999999999994
4.632,0.4533333333333326,-0.011666666666666853,-1.4649999999999994
4.64,0.4799999999999993,-0.005000000000000185,-1.4849999999999994
4.648,1.5999999999999468,0.2099999999999947,-1.7199999999999893
4.656,2.3999999999999644,0.2899999999999964,-1.8799999999999928
4.664,3.449999999999985,0.4833333333333284,-2.449999999999985
4.672,3.364912280701755,0.49122807017543885,-2.8175438596491222
4.68,3.308771929824563,0.47719298245614067,-2.8456140350877184
4.688,3.25263157894737,0.46315789473684255,-2.873684210526315
4.696,3.1964912280701774,0.44912280701754437,-2.901754385964911
4.704,3.1403508771929847,0.4350877192982462,-2.9298245614035077
4.712,3.084210526315792,0.42105263157894807,-2.957894736842104
4.72,3.0280701754385992,0.4070175438596499,-2.9859649122807004
4.728,2.5200000000000427,0.3200000000000071,-3.159999999999986
4.736,1.804395604395604,-0.002197802197801951,-3.295604395604396
4.744,1.8219780219780215,-0.010989010989010731,-3.2780219780219784
4.752,1.839560439560439,-0.019780219780219512,-3.260439560439561
4.76,1.8571428571428565,-0.028571428571428293,-3.2428571428571433
4.768,1.8747252747252743,-0.03736263736263707,-3.225274725274726
4.776,1.8923076923076918,-0.04615384615384585,-3.2076923076923083
4.784,1.9098901098901093,-0.05494505494505463,-3.1901098901098908
4.792,1.9274725274725268,-0.06373626373626341,-3.1725274725274732
4.8,1.9450549450549444,-0.07252747252747219,-3.1549450549450557
4.808,1.9626373626373619,-0.08131868131868097,-3.137362637362638
4.816,1.9802197802197794,-0.09010989010988975,-3.1197802197802207
4.824,1.9978021978021971,-0.09890109890109854,-3.102197802197803
4.832,1.920000000000007,-0.4,-1.9400000000000142
4.84,1.7852941176470591,-0.3950980392156864,-1.6803921568627456
4.848,1.7617647058823533,-0.3872549019607845,-1.6490196078431378
4.856,1.7382352941176475,-0.3794117647058825,-1.61764705882353
4.864,1.7147058823529417,-0.37156862745098057,-1.5862745098039222
4.872,1.691176470588236,-0.36372549019607864,-1.5549019607843144
4.88,1.6676470588235301,-0.3558823529411767,-1.5235294117647067
4.888,1.6441176470588241,-0.3480392156862747,-1.492156862745099
4.896,1.6205882352941183,-0.3401960784313728,-1.4607843137254912
4.904,1.5970588235294125,-0.33235294117647085,-1.4294117647058835
4.912,1.5735294117647067,-0.3245098039215689,-1.3980392156862758
4.92,1.550000000000001,-0.316666666666667,-1.3666666666666678
4.928,1.5264705882352951,-0.308823529411765,-1.33529411764706
4.936,1.5029411764705891,-0.30098039215686306,-1.3039215686274523
4.944,0.2,0.2,0.0
4.952,0.21000000000000002,0.22,0.02
4.96,0.22,0.24000000000000002,0.04
4.968,0.23,0.26,0.06
4.976,0.24,0.28,0.08
4.984,0.25,0.30000000000000004,0.1
4.992,0.26,0.32,0.12
5.0,0.27,0.34,0.14
5.008,0.28,0.36,0.16
5.016,0.29,0.38,0.18
5.024,0.3,0.4,0.2
5.032,0.4990099009900987,0.7019801980198026,1.1019801980198027
5.04,0.49108910891089075,0.7178217821782185,1.1178217821782186
5.048,0.4831683168316828,0.7336633663366343,1.1336633663366344
5.056,0.4752475247524749,0.7495049504950502,1.1495049504950503
5.064,0.46732673267326696,0.765346534653466,1.1653465346534662
5.072,0.45940594059405904,0.7811881188118819,1.181188118811882
5.08,0.4514851485148511,0.7970297029702977,1.1970297029702979
5.088,0.4435643564356432,0.8128712871287136,1.2128712871287137
5.096,0.43564356435643525,0.8287128712871294,1.2287128712871296
5.104,0.4277227722772273,0.8445544554455454,1.2445544554455454
5.112,0.4198019801980194,0.8603960396039613,1.2603960396039613
5.12,0.41188118811881147,0.8762376237623771,1.2762376237623771
5.128,0.40396039603960354,0.892079207920793,1.292079207920793
5.136,-0.350000000000111,1.2,2.3500000000000667
5.144,-1.1391304347826101,1.293478260869565,2.8065217391304347
5.152,-1.191304347826088,1.284782608695652,2.8152173913043477
5.16,-1.243478260869566,1.276086956521739,2.8239130434782607
5.168,-1.295652173913044,1.267391304347826,2.8326086956521737
5.176,-1.347826086956522,1.258695652173913,2.8413043478260867
5.184,-1.4,1.25,2.85
5.192,-1.452173913043478,1.241304347826087,2.858695652173913
5.2,-1.504347826086956,1.232608695652174,2.867391304347826
5.208,-1.556521739130434,1.223913043478261,2.876086956521739
5.216,-1.608695652173912,1.215217391304348,2.884782608695652
5.224,-1.6608695652173902,1.206521739130435,2.893478260869565
5.232,-2.4,1.2,2.9
5.24,-1.8883495145631062,0.7970873786407766,1.7058252427184468
5.248,-1.8572815533980576,0.7893203883495145,1.7213592233009711
5.256,-1.826213592233009,0.7815533980582523,1.7368932038834954
5.264,-1.7951456310679603,0.7737864077669901,1.7524271844660197
5.272,-1.7640776699029117,0.766019417475728,1.767961165048544
5.28,-1.733009708737863,0.7582524271844657,1.7834951456310684
5.288,-1.7019417475728145,0.7504854368932036,1.7990291262135927
5.296,-1.6708737864077658,0.7427184466019414,1.814563106796117
5.304,-1.6398058252427172,0.7349514563106793,1.8300970873786413
5.312,-1.6087378640776686,0.7271844660194171,1.8456310679611656
5.32,-1.57766990291262,0.719417475728155,1.86116504854369
5.328,-1.5466019417475714,0.7116504854368928,1.8766990291262142
5.336,-1.5155339805825225,0.7038834951456306,1.8922330097087385
5.344,-4.9,-0.7,-1.3999999999999997
5.352,-2.843749999999948,-1.1,-1.9
5.36,-2.093749999999948,-1.1,-1.9
5.368,-1.8328358208955093,-1.0686567164179082,-1.837313432835816
5.376,-1.6417910447761068,-1.0328358208955202,-1.76567164179104
5.384,-1.450746268656704,-0.9970149253731321,-1.694029850746264
5.392,-1.2597014925373013,-0.9611940298507441,-1.6223880597014881
5.4,-1.0686567164178986,-0.9253731343283561,-1.5507462686567122
5.408,-0.8776119402984959,-0.8895522388059681,-1.4791044776119362
5.416,-0.6865671641790934,-0.85373134328358,-1.4074626865671602
5.424,-0.4955223880596906,-0.817910447761192,-1.3358208955223843
5.432,-0.8,-0.4,-0.5
5.44,0.35567010309278585,-0.29381443298969045,-0.08144329896907138
5.448,0.42989690721649765,-0.28556701030927806,-0.05670103092783412
5.456,0.5041237113402094,-0.2773195876288656,-0.03195876288659687
5.464,0.5783505154639211,-0.2690721649484532,-0.007216494845359606
5.472,0.6525773195876329,-0.26082474226804075,0.017525773195877656
5.48,0.7268041237113446,-0.25257731958762836,0.04226804123711492
5.488,0.8010309278350565,-0.24432989690721596,0.06701030927835216
5.496,0.8752577319587682,-0.23608247422680353,0.09175257731958941
5.5040000000000004,0.94948453608248,-0.2278350515463911,0.11649484536082669
5.5120000000000005,1.0237113402061917,-0.2195876288659787,0.14123711340206394
5.5200000000000005,1.0979381443299034,-0.2113402061855663,0.16597938144330118
5.5280000000000005,1.1721649484536152,-0.20309278350515386,0.19072164948453843
5.5360000000000005,1.3999999999996446,0.3000000000000888,1.4000000000003552
5.5440000000000005,0.9597701149425254,0.4080459770114949,1.8241379310344847
5.5520000000000005,0.9137931034482724,0.41724137931034555,1.8517241379310367
5.5600000000000005,0.8678160919540193,0.4264367816091962,1.8793103448275885
5.5680000000000005,0.8218390804597663,0.43563218390804676,1.9068965517241403
5.5760000000000005,0.7758620689655132,0.4448275862068974,1.934482758620692
5.5840000000000005,0.7298850574712601,0.45402298850574796,1.9620689655172439
5.5920000000000005,0.683908045977007,0.4632183908045986,1.9896551724137959
5.6000000000000005,0.637931034482754,0.4724137931034492,2.017241379310348
5.6080000000000005,0.591954022988501,0.4816091954022998,2.0448275862068996
5.6160000000000005,0.5459770114942479,0.4908045977011504,2.0724137931034514
5.6240000000000006,0.49999999999977796,0.5,2.100000000000089
5.632,-0.55,0.5,2.8499999999999996
5.64,-0.6,0.4950980392156864,2.9049019607843136
5.648,-0.6,0.48725490196078447,2.9127450980392156
5.656,-0.6,0.47941176470588254,2.9205882352941175
5.664,-0.6,0.47156862745098055,2.9284313725490194
5.672,-0.6,0.4637254901960786,2.9362745098039214
5.68,-0.6,0.4558823529411767,2.9441176470588233
5.688,-0.6,0.44803921568627475,2.951960784313725
5.696,-0.6,0.4401960784313728,2.959803921568627
5.704,-0.6,0.43235294117647083,2.967647058823529
5.712,-0.6,0.4245098039215689,2.975490196078431
5.72,-0.6,0.41666666666666696,2.983333333333333
5.728,-0.6,0.40882352941176503,2.991176470588235
5.736,-0.6,0.4009803921568631,2.999019607843137
5.744,-0.3666666666666667,0.23333333333333334,2.466666666666667
5.752,-0.1,0.3,1.8
5.76,-0.06666666666666667,0.28888888888888886,1.7444444444444445
5.768,-0.033333333333333326,0.2777777777777778,1.6888888888888889
5.776,0.0,0.26666666666666666,1.6333333333333333
5.784,0.033333333333333354,0.25555555555555554,1.5777777777777777
5.792,0.06666666666666668,0.24444444444444446,1.5222222222222221
5.8,0.1,0.23333333333333334,1.4666666666666668
5.808,0.13333333333333336,0.22222222222222224,1.4111111111111112
5.816,0.1666666666666667,0.21111111111111114,1.3555555555555556
5.824,0.20000000000000004,0.2,1.3
5.832,0.6059999999999993,0.0,-0.6079999999999991
5.84,0.6299999999999994,0.0,-0.6399999999999992
5.848,0.6539999999999996,0.0,-0.6719999999999994
5.856,0.6779999999999997,0.0,-0.7039999999999995
5.864,0.7019999999999997,0.0,-0.7359999999999997
5.872,0.7259999999999999,0.0,-0.7679999999999998
5.88,0.75,0.0,-0.8
5.888,0.7740000000000001,0.0,-0.8320000000000001
5.896,0.7980000000000003,0.0,-0.8640000000000003
5.904,0.8220000000000003,0.0,-0.8960000000000004
5.912,0.8460000000000004,0.0,-0.9280000000000006
5.92,0.8700000000000006,0.0,-0.9600000000000006
5.928,0.8940000000000007,0.0,-0.9920000000000009
5.936,1.3,-0.3,-1.6
5.944,1.3,-0.3,-1.6089887640449438
5.952,1.3,-0.3,-1.6179775280898876
5.96,1.3,-0.3,-1.6269662921348313
5.968,1.3,-0.3,-1.635955056179775
5.976,1.3,-0.3,-1.6449438202247189
5.984,1.3,-0.3,-1.6539325842696628
5.992,1.3,-0.3,-1.6629213483146066
6.0,1.3,-0.3,-1.6719101123595503
6.008,1.3,-0.3,-1.680898876404494
6.016,1.3,-0.3,-1.6898876404494378
6.024,1.3,-0.3,-1.6988764044943816
6.032,1.1166666666666716,-0.4,-1.7833333333333283
6.04,0.7957446808510634,-0.4,-2.104255319148937
6.048,0.7872340425531911,-0.4,-2.112765957446809
6.056,0.7787234042553187,-0.4,-2.1212765957446815
6.064,0.7702127659574465,-0.4,-2.1297872340425537
6.072,0.7617021276595741,-0.4,-2.1382978723404262
6.08,0.7531914893617018,-0.4,-2.1468085106382984
6.088,0.7446808510638294,-0.4,-2.1553191489361705
6.096,0.7361702127659571,-0.4,-2.163829787234043
6.104,0.7276595744680848,-0.4,-2.172340425531915
6.112,0.7191489361702125,-0.4,-2.1808510638297878
6.12,0.7106382978723401,-0.4,-2.18936170212766
6.128,0.7021276595744678,-0.4,-2.1978723404255325
6.136,0.6300000000000018,-0.4,-2.3
6.144,0.7111111111111144,-0.3888888888888856,-2.3111111111111144
6.152,0.8,-0.3,-2.4
6.16,0.8111111111111111,-0.3,-2.4
6.168,0.8222222222222223,-0.3,-2.4
6.176,0.8333333333333334,-0.3,-2.4
6.184,0.8444444444444444,-0.3,-2.4
6.192,0.8555555555555556,-0.3,-2.4
6.2,0.8666666666666667,-0.3,-2.4
6.208,0.8777777777777778,-0.3,-2.4
6.216,0.888888888888889,-0.3,-2.4
6.224,0.9,-0.3,-2.4
6.232,1.1066666666666687,-0.2,-2.1933333333333316
6.24,1.16,-0.2,-2.14
6.248,1.2,-0.2,-1.8
6.256,1.2,-0.18961038961038962,-1.7792207792207793
6.264,1.2,-0.1792207792207792,-1.7584415584415585
6.272,1.2,-0.1688311688311688,-1.7376623376623377
6.28,1.2,-0.15844155844155838,-1.716883116883117
6.288,1.2,-0.148051948051948,-1.6961038961038961
6.296,1.2,-0.13766233766233757,-1.675324675324675
6.304,1.2,-0.12727272727272718,-1.6545454545454543
6.312,1.2,-0.11688311688311677,-1.6337662337662335
6.32,1.2,-0.10649350649350636,-1.6129870129870127
6.328,1.2,-0.0833333333333284,-1.1499999999999853
6.336,0.9,0.2,0.0
6.344,0.8826086956521738,0.2086956521739131,0.043478260869565424
6.352,0.8652173913043477,0.21739130434782616,0.08695652173913085
6.36,0.8478260869565215,0.22608695652173927,0.1304347826086963
6.368,0.8304347826086953,0.23478260869565235,0.1739130434782617
6.376,0.8130434782608691,0.24347826086956542,0.21739130434782714
6.384,0.795652173913043,0.2521739130434785,0.2608695652173926
6.392,0.7782608695652168,0.2608695652173916,0.304347826086958
6.4,0.7608695652173906,0.2695652173913047,0.3478260869565234
6.408,0.7434782608695645,0.2782608695652178,0.39130434782608886
6.416,0.7260869565217383,0.28695652173913083,0.43478260869565427
6.424,0.7086956521739121,0.29565217391304394,0.4782608695652197
6.432,-4.440892098500626e-14,0.5,1.7000000000000888
6.44,-0.09459459459459438,0.5054054054054056,2.2
6.448,-0.08738738738738716,0.5126126126126128,2.2
6.456,-0.08018018018017993,0.5198198198198201,2.2
6.464,-0.0729729729729727,0.5270270270270273,2.2
6.472,-0.06576576576576547,0.5342342342342346,2.2
6.48,-0.05855855855855824,0.5414414414414418,2.2
6.488,-0.051351351351351014,0.548648648648649,2.2
6.496,-0.04414414414414378,0.5558558558558562,2.2
6.5040000000000004,-0.03693693693693656,0.5630630630630634,2.2
6.5120000000000005,-0.02972972972972933,0.5702702702702707,2.2
6.5200000000000005,-0.022522522522522098,0.5774774774774779,2.2
6.5280000000000005,-0.015315315315314867,0.5846846846846852,2.2
6.5360000000000005,-0.008108108108107637,0.5918918918918923,2.2
6.5440000000000005,-0.000900900900900406,0.5990990990990995,2.2
6.5520000000000005,0.48181818181820824,0.8,2.054545454545448
6.5600000000000005,1.3000000000000445,0.8999999999999853,1.9
6.5680000000000005,1.5967213114754089,0.8,1.9
6.5760000000000005,1.5836065573770481,0.8,1.9
6.5840000000000005,1.5704918032786874,0.8,1.9
6.5920000000000005,1.5573770491803267,0.8,1.9
6.6000000000000005,1.544262295081966,0.8,1.9
6.6080000000000005,1.5311475409836053,0.8,1.9
6.6160000000000005,1.5180327868852448,0.8,1.9
6.6240000000000006,1.504918032786884,0.8,1.9
6.632000000000001,-0.5000000000001776,0.4999999999999556,1.4999999999998668
6.640000000000001,-0.8553191489361682,0.4,1.1808510638297864
6.648000000000001,-0.7957446808510614,0.4,1.1553191489361692
6.656000000000001,-0.7361702127659546,0.4,1.1297872340425519
6.664,-0.6765957446808545,0.4,1.1042553191489377
6.672,-0.6170212765957477,0.4,1.0787234042553204
6.68,-0.5574468085106409,0.4,1.0531914893617031
6.688,-0.4978723404255341,0.4,1.027659574468086
6.696,-0.4382978723404273,0.4,1.0021276595744688
6.704,-0.3787234042553205,0.4,0.9765957446808516
6.712,-0.31914893617021367,0.4,0.9510638297872345
6.72,-0.25957446808510687,0.4,0.9255319148936172
6.728,-0.20000000000000007,0.4,0.9
6.736,0.933333333333284,0.5666666666666568,0.5333333333333432
6.744,1.8058823529411765,0.6,0.5
6.752,1.8152941176470587,0.6,0.5
6.76,1.8247058823529412,0.6,0.5
6.768,1.8341176470588234,0.6,0.5
6.776,1.8435294117647059,0.6,0.5
6.784,1.852941176470588,0.6,0.5
6.792,1.8623529411764705,0.6,0.5
6.8,1.8717647058823528,0.6,0.5
6.808,1.8811764705882352,0.6,0.5
6.816,1.8905882352941175,0.6,0.5
6.824,1.9,0.6,0.5
6.832,1.4,0.5,0.6
6.84,1.0,0.4950980392156864,0.7
6.848,1.0,0.48725490196078447,0.7
6.856,1.0,0.47941176470588254,0.7
6.864,1.0,0.47156862745098055,0.7
6.872,1.0,0.4637254901960786,0.7
6.88,1.0,0.4558823529411767,0.7
6.888,1.0,0.44803921568627475,0.7
6.896,1.0,0.4401960784313728,0.7
6.904,1.0,0.43235294117647083,0.7
6.912,1.0,0.4245098039215689,0.7
6.92,1.0,0.41666666666666696,0.7
6.928,1.0,0.40882352941176503,0.7
6.936,1.0,0.4009803921568631,0.7
6.944,1.0,0.3416666666666673,0.5833333333333346
6.952,0.7,0.1,0.2
6.96,0.390540540540541,-0.009459459459459038,-0.018918918918918077
6.968,0.3797297297297301,-0.02027027027026988,-0.04054054054053976
6.976,0.36891891891891926,-0.031081081081080725,-0.06216216216216145
6.984,0.35810810810810845,-0.04189189189189157,-0.08378378378378314
6.992,0.3472972972972976,-0.05270270270270241,-0.10540540540540481
7.0,0.3364864864864867,-0.06351351351351325,-0.1270270270270265
7.008,0.3256756756756759,-0.07432432432432409,-0.14864864864864819
7.016,0.31486486486486503,-0.08513513513513495,-0.1702702702702699
7.024,0.3040540540540542,-0.09594594594594578,-0.19189189189189157
7.032,-0.4,-0.2,-0.55
7.04,-0.6,-0.09545454545454496,-0.4954545454545449
7.048,-0.6,-0.08636363636363587,-0.4863636363636359
7.056,-0.6,-0.07727272727272677,-0.4772727272727268
7.064,-0.6,-0.06818181818181768,-0.4681818181818177
7.072,-0.6,-0.05909090909090859,-0.4590909090909086
7.08,-0.6,-0.0499999999999995,-0.4499999999999995
7.088,-0.6,-0.04090909090909041,-0.4409090909090904
7.096,-0.6,-0.031818181818181315,-0.4318181818181813
7.104,-0.6,-0.02272727272727222,-0.42272727272727223
7.112,-0.6,-0.013636363636363141,-0.41363636363636314
7.12,-0.6,-0.004545454545454047,-0.40454545454545404
7.128,-0.3,0.1,-0.25
7.136,1.0134453781512591,0.2016806722689074,-0.20336134453781476
7.144,1.0672268907563012,0.20840336134453766,-0.2168067226890753
7.152,1.1210084033613434,0.21512605042016794,-0.23025210084033587
7.16,1.1747899159663855,0.2218487394957982,-0.2436974789915964
7.168,1.2285714285714278,0.22857142857142848,-0.25714285714285695
7.176,1.28235294117647,0.23529411764705874,-0.27058823529411746
7.184,1.336134453781512,0.242016806722689,-0.28403361344537803
7.192,1.3899159663865541,0.24873949579831928,-0.2974789915966386
7.2,1.4436974789915964,0.25546218487394956,-0.3109243697478991
7.208,1.4974789915966387,0.2621848739495798,-0.3243697478991597
7.216,1.551260504201681,0.2689075630252101,-0.3378151260504202
7.224,1.605042016806723,0.27563025210084036,-0.35126050420168076
7.232,1.658823529411765,0.28235294117647064,-0.3647058823529413
7.24,1.7126050420168073,0.2890756302521009,-0.37815126050420184
7.248,1.7663865546218496,0.29579831932773115,-0.39159663865546235
7.256,2.6000000000000885,0.2,-0.7000000000000444
7.264,2.781249999999998,-0.006250000000000694,-1.1125000000000014
7.272,2.7437499999999977,-0.018750000000000693,-1.1375000000000015
7.28,2.7062499999999976,-0.031250000000000694,-1.1625000000000014
7.288,2.668749999999998,-0.0437500000000007,-1.1875000000000016
7.296,2.631249999999998,-0.056250000000000695,-1.2125000000000015
7.304,2.593749999999998,-0.0687500000000007,-1.2375000000000014
7.312,2.5562499999999977,-0.0812500000000007,-1.2625000000000015
7.32,2.518749999999998,-0.0937500000000007,-1.2875000000000014
7.328,1.6499999999999333,-0.2,-1.8500000000000667
7.336,1.2957446808510624,-0.2,-2.2021276595744688
7.344,1.278723404255318,-0.2,-2.2106382978723413
7.352,1.2617021276595732,-0.2,-2.2191489361702135
7.36,1.2446808510638285,-0.2,-2.227659574468086
7.368,1.2276595744680838,-0.2,-2.236170212765958
7.376,1.2106382978723393,-0.2,-2.2446808510638303
7.384,1.1936170212765946,-0.2,-2.253191489361703
7.392,1.17659574468085,-0.2,-2.261702127659575
7.4,1.1595744680851054,-0.2,-2.270212765957447
7.408,1.1425531914893607,-0.2,-2.2787234042553197
7.416,1.125531914893616,-0.2,-2.287234042553192
7.424,1.1085106382978716,-0.2,-2.295744680851064
7.432,1.1500000000000221,-0.1,-2.3499999999999774
7.44,1.3052083333333342,-0.1,-2.089583333333332
7.448,1.3135416666666675,-0.1,-2.072916666666665
7.456,1.3218750000000008,-0.1,-2.0562499999999986
7.464,1.330208333333334,-0.1,-2.0395833333333315
7.472,1.3385416666666674,-0.1,-2.022916666666665
7.48,1.3468750000000007,-0.1,-2.0062499999999983
7.488,1.355208333333334,-0.1,-1.9895833333333317
7.496,1.3635416666666673,-0.1,-1.972916666666665
7.5040000000000004,1.3718750000000008,-0.1,-1.9562499999999983
7.5120000000000005,1.3802083333333341,-0.1,-1.9395833333333317
7.5200000000000005,1.3885416666666675,-0.1,-1.922916666666665
7.5280000000000005,1.3968750000000008,-0.1,-1.9062499999999982
7.5360000000000005,1.0999999999998225,0.0,-1.2999999999997336
7.5440000000000005,0.8858585858585848,0.0,-0.9858585858585848
7.5520000000000005,0.8696969696969686,0.0,-0.9696969696969686
7.5600000000000005,0.8535353535353525,0.0,-0.9535353535353525
7.5680000000000005,0.8373737373737363,0.0,-0.9373737373737363
7.5760000000000005,0.8212121212121202,0.0,-0.9212121212121201
7.5840000000000005,0.805050505050504,0.0,-0.905050505050504
7.5920000000000005,0.7888888888888879,0.0,-0.888888888888888
7.6000000000000005,0.7727272727272717,0.0,-0.8727272727272718
7.6080000000000005,0.7565656565656556,0.0,-0.8565656565656556
7.6160000000000005,0.7404040404040394,0.0,-0.8404040404040395
7.6240000000000006,0.7242424242424232,0.0,-0.8242424242424233
7.632000000000001,0.7080808080808072,0.0,-0.8080808080808072
7.640000000000001,0.4999999999999112,0.20000000000008883,-0.19999999999973356
7.648000000000001,0.36111111111110755,0.3777777777777849,0.2166666666666774
7.656000000000001,0.31666666666666254,0.4666666666666749,0.3500000000000124
7.664000000000001,0.3,0.5153846153846177,0.4307692307692354
7.672000000000001,0.3,0.5400000000000021,0.4800000000000044
7.68,0.3,0.564615384615384,0.5292307692307678
7.688,0.3,0.5892307692307684,0.5784615384615369
7.696,0.3,0.6138461538461529,0.6276923076923059
7.704,0.3,0.6384615384615373,0.6769230769230749
7.712,0.3,0.6630769230769218,0.7261538461538438
7.72,0.3,0.6876923076923063,0.7753846153846128
7.728,0.5999999999999556,0.8499999999999779,1.5999999999999113
7.736,0.6930000000000003,0.9,1.820999999999999
7.744,0.6850000000000003,0.9,1.8449999999999993
7.752,0.6770000000000002,0.9,1.8689999999999993
7.76,0.6690000000000002,0.9,1.8929999999999996
7.768,0.6610000000000001,0.9,1.9169999999999996
7.776,0.6530000000000001,0.9,1.9409999999999996
7.784,0.645,0.9,1.9649999999999999
7.792,0.637,0.9,1.9889999999999999
7.8,0.629,0.9,2.013
7.808,0.621,0.9,2.037
7.816,0.6129999999999999,0.9,2.0610000000000004
7.824,0.6049999999999999,0.9,2.0850000000000004
7.832,0.3500000000000222,0.8,2.2
7.84,-0.18279569892473307,0.7956989247311833,1.9913978494623665
7.848,-0.1483870967741954,0.7870967741935488,1.9741935483870976
7.856,-0.11397849462365772,0.7784946236559145,1.9569892473118289
7.864,-0.07956989247312005,0.76989247311828,1.93978494623656
7.872,-0.04516129032258237,0.7612903225806456,1.9225806451612912
7.88,-0.010752688172044694,0.7526881720430112,1.9053763440860223
7.888,0.02365591397849298,0.7440860215053767,1.8881720430107536
7.896,0.05806451612903063,0.7354838709677424,1.8709677419354847
7.904,0.09247311827956833,0.7268817204301079,1.853763440860216
7.912,0.12688172043010604,0.7182795698924734,1.836559139784947
7.92,0.16129032258064369,0.7096774193548391,1.8193548387096783
7.928,0.1956989247311814,0.7010752688172046,1.8021505376344094
7.936,-0.6,0.4,1.4
7.944,-0.6333333333333333,0.4,1.375
7.952,-0.6666666666666666,0.4,1.3499999999999999
7.96,-0.7,0.4,1.325
7.968,-0.7333333333333334,0.4,1.3
7.976,-0.7666666666666666,0.4,1.275
7.984,-0.8,0.4,1.25
7.992,-0.8333333333333334,0.4,1.225
8.0,-0.8666666666666667,0.4,1.2
8.008000000000001,-0.9000000000000037,0.4,1.1749999999999972
8.016,-0.9333333333333333,0.4,1.1500000000000001
8.024000000000001,-0.9666666666666703,0.4,1.1249999999999973
8.032,-1.0,0.4,1.1
8.040000000000001,-0.019999999999989332,0.3,0.5399999999999965
8.048,0.4074074074074034,0.3,0.39876543209876614
8.056000000000001,0.4666666666666696,0.3,0.3888888888888884
8.064,0.5259259259259227,0.3,0.3790123456790129
8.072000000000001,0.5851851851851889,0.3,0.3691358024691352
8.08,0.644444444444442,0.3,0.35925925925925967
8.088000000000001,0.7037037037037083,0.3,0.349382716049382
8.096,0.7629629629629613,0.3,0.33950617283950646
8.104000000000001,0.8222222222222275,0.3,0.3296296296296287
8.112,0.8814814814814806,0.3,0.3197530864197532
8.120000000000001,0.9407407407407469,0.3,0.3098765432098755
8.128,1.0,0.3,0.3
8.136000000000001,1.196116504854364,0.19902912621359106,0.39902912621359105
8.144,1.165048543689319,0.19126213592232977,0.3912621359223298
8.152000000000001,1.1339805825242668,0.18349514563106673,0.38349514563106674
8.16,1.1029126213592217,0.17572815533980543,0.3757281553398054
8.168000000000001,1.0718446601941696,0.16796116504854242,0.3679611650485424
8.176,1.0407766990291245,0.1601941747572811,0.3601941747572811
8.184000000000001,1.0097087378640723,0.15242718446601808,0.35242718446601806
8.192,0.9786407766990272,0.14466019417475678,0.3446601941747568
8.2,0.947572815533982,0.1368932038834955,0.3368932038834955
8.208,0.9165048543689298,0.12912621359223247,0.3291262135922325
8.216,0.8854368932038847,0.12135922330097117,0.32135922330097116
8.224,0.8543689320388326,0.11359223300970814,0.3135922330097081
8.232,0.8233009708737874,0.10582524271844684,0.3058252427184468
8.24,0.4,0.1,0.2
8.248,0.3,0.10375000000000015,-0.10375000000000015
8.256,0.3,0.11375000000000125,-0.11375000000000125
8.264,0.3,0.12375000000000014,-0.12375000000000014
8.272,0.3,0.13375000000000126,-0.13375000000000126
8.28,0.3,0.14375000000000016,-0.14375000000000016
8.288,0.3,0.15375000000000125,-0.15375000000000125
8.296,0.3,0.16375000000000015,-0.16375000000000015
8.304,0.3,0.17375000000000124,-0.17375000000000124
8.312,0.3,0.18375000000000014,-0.18375000000000014
8.32,0.3,0.19375000000000125,-0.19375000000000125
8.328,0.5,0.16666666666668642,-0.3
8.336,0.4,0.2,-0.3
8.344,0.3917525773195885,0.2,-0.3
8.352,0.38350515463917517,0.2,-0.3
8.36,0.37525773195876366,0.2,-0.3
8.368,0.3670103092783503,0.2,-0.3
8.376,0.3587628865979388,0.2,-0.3
8.384,0.3505154639175255,0.2,-0.3
8.392,0.342268041237114,0.2,-0.3
8.4,0.3340206185567007,0.2,-0.3
8.408,0.32577319587628917,0.2,-0.3
8.416,0.3175257731958758,0.2,-0.3
8.424,0.3092783505154643,0.2,-0.3
8.432,0.301030927835051,0.2,-0.3
8.44,-0.49411764705881617,0.3,-0.5
8.448,-0.6823529411764903,0.3,-0.5
8.456,-0.8972222222222237,0.4,-0.6
8.464,-0.8749999999999988,0.4,-0.6
8.472,-0.8527777777777787,0.4,-0.6
8.48,-0.8305555555555537,0.4,-0.6
8.488,-0.8083333333333338,0.4,-0.6
8.496,-0.7861111111111088,0.4,-0.6
8.504,-0.7638888888888887,0.4,-0.6
8.512,-0.7416666666666638,0.4,-0.6
8.52,-0.7194444444444437,0.4,-0.6
8.528,-0.2999999999996447,0.4,-0.6500000000000443
8.536,3.1185567010309176,0.497938144329898,-1.302061855670102
8.544,3.1927835051546376,0.4896907216494847,-1.3103092783505152
8.552,3.267010309278341,0.48144329896907323,-1.318556701030927
8.56,3.341237113402061,0.4731958762886599,-1.3268041237113402
8.568,3.4154639175257646,0.4649484536082484,-1.3350515463917516
8.576,3.4896907216494846,0.45670103092783504,-1.343298969072165
8.584,3.563917525773188,0.44845360824742353,-1.3515463917525765
8.592,3.6381443298969085,0.4402061855670102,-1.3597938144329897
8.6,3.7123711340206116,0.43195876288659873,-1.3680412371134012
8.608,3.7865979381443315,0.4237113402061854,-1.3762886597938147
8.616,3.8608247422680355,0.4154639175257739,-1.384536082474226
8.624,3.9350515463917555,0.40721649484536054,-1.3927835051546393
8.632,4.2,0.35,-1.35
8.64,1.9842696629213432,-0.2022471910112367,-1.4
8.648,1.9213483146067436,-0.21123595505617948,-1.4
8.656,1.8584269662921302,-0.2202247191011243,-1.4
8.664,1.7955056179775306,-0.22921348314606707,-1.4
8.672,1.732584269662917,-0.23820224719101185,-1.4
8.68,1.6696629213483176,-0.24719101123595463,-1.4
8.688,1.606741573033704,-0.2561797752808994,-1.4
8.696,1.5438202247191046,-0.26516853932584217,-1.4
8.704,1.480898876404491,-0.274157303370787,-1.4
8.712,1.4179775280898916,-0.2831460674157298,-1.4
8.72,1.355056179775278,-0.29213483146067454,-1.4
8.728,1.15,-0.3,-1.4
8.736,1.303809523809525,-0.2,-1.3980952380952374
8.744,1.3190476190476186,-0.2,-1.3904761904761906
8.752,1.3342857142857154,-0.2,-1.3828571428571421
8.76,1.349523809523809,-0.2,-1.3752380952380954
8.768,1.364761904761906,-0.2,-1.367619047619047
8.776,1.3799999999999994,-0.2,-1.3600000000000003
8.784,1.3952380952380963,-0.2,-1.3523809523809518
8.792,1.4104761904761898,-0.2,-1.344761904761905
8.8,1.4257142857142866,-0.2,-1.3371428571428567
8.808,1.44095238095238,-0.2,-1.32952380952381
8.816,1.456190476190477,-0.2,-1.3219047619047615
8.824,1.4714285714285704,-0.2,-1.3142857142857147
8.832,1.4866666666666672,-0.2,-1.3066666666666664
8.84,1.55,-0.2,-1.25
8.848,1.6,-0.2,-1.1222222222222091
8.856,1.3948717948717932,-0.09743589743589662,-0.7974358974358967
8.864,1.3743589743589706,-0.08717948717948537,-0.7871794871794854
8.872,1.3538461538461528,-0.0769230769230764,-0.7769230769230764
8.88,1.3333333333333302,-0.06666666666666515,-0.7666666666666652
8.888,1.3128205128205124,-0.056410256410256175,-0.7564102564102562
8.896,1.2923076923076897,-0.04615384615384493,-0.746153846153845
8.904,1.271794871794872,-0.03589743589743595,-0.735897435897436
8.912,1.2512820512820493,-0.025641025641024703,-0.7256410256410247
8.92,1.2307692307692315,-0.015384615384615732,-0.7153846153846157
8.928,1.2102564102564088,-0.005128205128204472,-0.7051282051282044
8.936,1.05,0.0,-0.6
8.944,0.4499999999999556,0.1,-0.049999999999955594
8.952,0.38313253012048276,0.1,0.01686746987951725
8.96,0.36385542168674573,0.1,0.03614457831325431
8.968,0.3445783132530129,0.1,0.05542168674698708
8.976,0.3253012048192759,0.1,0.07469879518072414
8.984,0.3060240963855431,0.1,0.09397590361445692
8.992,0.2867469879518061,0.1,0.11325301204819396
9.0,0.2674698795180733,0.1,0.13253012048192675
9.008000000000001,0.2481927710843362,0.1,0.1518072289156638
9.016,0.22891566265060345,0.1,0.17108433734939657
9.024000000000001,0.2096385542168664,0.1,0.19036144578313363
9.032,0.2,0.45,0.45
9.040000000000001,0.3,0.6067415730337082,0.7202247191011246
9.048,0.3,0.6157303370786512,0.7471910112359536
9.056000000000001,0.3,0.6247191011235961,0.7741573033707885
9.064,0.3,0.633707865168539,0.8011235955056173
9.072000000000001,0.3,0.642696629213484,0.8280898876404522
9.08,0.3,0.651685393258427,0.8550561797752811
9.088000000000001,0.3,0.660674157303372,0.8820224719101161
9.096,0.3,0.669662921348315,0.908988764044945
9.104000000000001,0.3,0.6786516853932599,0.9359550561797798
9.112,0.3,0.6876404494382029,0.9629213483146087
9.120000000000001,0.3,0.6966292134831479,0.9898876404494437
9.128,-0.4,0.8,2.2
9.136000000000001,-0.5981481481481475,0.8018518518518525,2.4018518518518523
9.144,-0.590740740740741,0.809259259259259,2.409259259259259
9.152000000000001,-0.5833333333333328,0.8166666666666672,2.416666666666667
9.16,-0.5759259259259262,0.8240740740740738,2.4240740740740736
9.168000000000001,-0.568518518518518,0.831481481481482,2.431481481481482
9.176,-0.5611111111111114,0.8388888888888886,2.4388888888888887
9.184000000000001,-0.5537037037037033,0.8462962962962968,2.4462962962962966
9.192,-0.5462962962962967,0.8537037037037033,2.4537037037037033
9.200000000000001,-0.5388888888888885,0.8611111111111115,2.4611111111111112
9.208,-0.531481481481482,0.868518518518518,2.468518518518518
9.216000000000001,-0.5240740740740738,0.8759259259259262,2.4759259259259263
9.224,-0.5166666666666673,0.8833333333333329,2.483333333333333
9.232,-0.5092592592592606,0.8907407407407394,2.490740740740739
9.24,-0.5018518518518524,0.8981481481481476,2.4981481481481476
9.248,-0.26000000000005685,0.9599999999999858,2.440000000000014
9.256,0.4,1.0,2.2
9.264,0.5047619047619049,0.8952380952380952,1.7904761904761903
9.272,0.5174603174603188,0.8825396825396812,1.7650793650793624
9.28,0.53015873015873,0.86984126984127,1.73968253968254
9.288,0.542857142857144,0.857142857142856,1.714285714285712
9.296,0.5555555555555552,0.8444444444444448,1.6888888888888896
9.304,0.5682539682539692,0.8317460317460308,1.6634920634920616
9.312,0.5809523809523804,0.8190476190476197,1.6380952380952394
9.32,0.5936507936507944,0.8063492063492056,1.6126984126984112
9.328,0.8,0.5833333333333431,0.8333333333333728
9.336,0.9023255813953476,0.4988372093023262,0.19651162790697863
9.344,0.9209302325581366,0.48953488372093173,0.16860465116279516
9.352,0.9395348837209296,0.4802325581395352,0.14069767441860553
9.36,0.9581395348837186,0.4709302325581407,0.11279069767442207
9.368,0.9767441860465118,0.46162790697674416,0.08488372093023241
9.376,0.9953488372093008,0.4523255813953497,0.05697674418604895
9.384,1.0139534883720938,0.44302325581395313,0.029069767441859296
9.392,1.0325581395348828,0.43372093023255864,0.0011627906976758584
9.4,1.051162790697676,0.4244186046511621,-0.026744186046513796
9.408,1.0697674418604648,0.4151162790697676,-0.05465116279069726
9.416,1.088372093023258,0.405813953488371,-0.08255813953488689
9.424,1.3,0.3,-0.4
9.432,1.0979381443298946,0.19896907216494722,-0.5
9.44,1.0814432989690719,0.19072164948453588,-0.5
9.448,1.0649484536082454,0.18247422680412267,-0.5
9.456,1.0484536082474227,0.17422680412371133,-0.5
9.464,1.0319587628865963,0.16597938144329816,-0.5
9.472,1.0154639175257736,0.1577319587628868,-0.5
9.48,0.9989690721649472,0.1494845360824736,-0.5
9.488,0.9824742268041246,0.14123711340206227,-0.5
9.496,0.9659793814432982,0.13298969072164907,-0.5
9.504,0.9494845360824755,0.12474226804123772,-0.5
9.512,0.9329896907216491,0.11649484536082455,-0.5
9.52,0.9164948453608264,0.1082474226804132,-0.5
9.528,0.9,0.1,-0.5
9.536,0.6019230769230759,0.0,-0.6
9.544,0.6096153846153844,0.0,-0.6
9.552,0.6173076923076913,0.0,-0.6
9.56,0.625,0.0,-0.6
9.568,0.6326923076923069,0.0,-0.6
9.576,0.6403846153846154,0.0,-0.6
9.584,0.6480769230769223,0.0,-0.6
9.592,0.655769230769231,0.0,-0.6
9.6,0.6634615384615379,0.0,-0.6
9.608,0.6711538461538465,0.0,-0.6
9.616,0.6788461538461534,0.0,-0.6
9.624,0.686538461538462,0.0,-0.6
9.632,0.694230769230769,0.0,-0.6
9.64,0.7,0.0,-0.6
9.648,0.7,0.0,-0.6
9.656,0.48873239436619365,0.0,-0.6
9.664,0.466197183098591,0.0,-0.6
9.672,0.4436619718309833,0.0,-0.6
9.68,0.4211267605633806,0.0,-0.6
9.688,0.39859154929577295,0.0,-0.6
9.696,0.3760563380281703,0.0,-0.6
9.704,0.3535211267605626,0.0,-0.6
9.712,0.3309859154929599,0.0,-0.6
9.72,0.30845070422535226,0.0,-0.6
9.728,0.13333333333332348,0.0,-0.6
9.736,-0.1,0.2,-0.4499999999999556
9.744,-0.1,0.2,-0.383720930232559
9.752,-0.1,0.2,-0.36511627906976624
9.76,-0.1,0.2,-0.34651162790697765
9.768,-0.1,0.2,-0.32790697674418495
9.776,-0.1,0.2,-0.30930232558139636
9.784,-0.1,0.2,-0.29069767441860367
9.792,-0.1,0.2,-0.2720930232558151
9.8,-0.1,0.2,-0.25348837209302233
9.808,-0.1,0.2,-0.23488372093023377
9.816,-0.1,0.2,-0.21627906976744105
9.824,-0.1,0.2,-0.1
9.832,0.5000000000000444,0.2,-2.220446049250313e-14
9.84,0.7168421052631562,0.2,-0.10842105263157813
9.848,0.7505263157894762,0.2,-0.1252631578947381
9.856,0.7842105263157887,0.2,-0.14210526315789435
9.864,0.8178947368421087,0.2,-0.15894736842105434
9.872,0.8515789473684212,0.2,-0.17578947368421055
9.88,0.8852631578947412,0.2,-0.19263157894737054
9.888,0.9189473684210536,0.2,-0.2094736842105268
9.896,0.9526315789473736,0.2,-0.22631578947368677
9.904,0.986315789473686,0.2,-0.24315789473684302
9.912,1.020000000000006,0.2,-0.260000000000003
9.92,1.0536842105263187,0.2,-0.2768421052631592
9.928,1.0873684210526386,0.2,-0.2936842105263192
9.936,1.3500000000000112,0.2,-0.42500000000000554
9.944,1.4,0.0,-1.4
9.952,1.3710843373494002,0.0,-1.4289156626505997
9.96,1.342168674698794,0.0,-1.4578313253012058
9.968,1.3132530120481942,0.0,-1.4867469879518056
9.976,1.284337349397588,0.0,-1.5156626506024118
9.984,1.2554216867469883,0.0,-1.5445783132530118
9.992,1.226506024096382,0.0,-1.573493975903618
10.0,1.1975903614457823,0.0,-1.6024096385542177
10.008000000000001,1.1686746987951762,0.0,-1.6313253012048239
10.016,1.1397590361445764,0.0,-1.6602409638554236
10.024000000000001,1.1108433734939702,0.0,-1.6891566265060298
10.032,0.95,0.1,-2.1
10.040000000000001,1.0072916666666683,0.1,-2.0854166666666636
10.048,1.0156250000000007,0.1,-2.0687499999999988
10.056000000000001,1.0239583333333349,0.1,-2.0520833333333304
10.064,1.0322916666666673,0.1,-2.0354166666666655
10.072000000000001,1.0406250000000015,0.1,-2.018749999999997
10.08,1.0489583333333339,0.1,-2.0020833333333323
10.088000000000001,1.0572916666666683,0.1,-1.9854166666666637
10.096,1.0656250000000007,0.1,-1.968749999999999
10.104000000000001,1.073958333333335,0.1,-1.9520833333333303
10.112,1.0822916666666673,0.1,-1.9354166666666655
10.120000000000001,1.0906250000000015,0.1,-1.9187499999999968
10.128,1.098958333333334,0.1,-1.902083333333332
10.136000000000001,1.2,0.1,-1.4999999999999778
10.144,1.0971698113207546,0.1,-1.1915094339622638
10.152000000000001,1.089622641509433,0.1,-1.168867924528299
10.16,1.0820754716981131,0.1,-1.146226415094339
10.168000000000001,1.0745283018867915,0.1,-1.1235849056603744
10.176,1.0669811320754716,0.1,-1.1009433962264146
10.184000000000001,1.05943396226415,0.1,-1.0783018867924496
10.192,1.0518867924528301,0.1,-1.0556603773584898
10.200000000000001,1.0443396226415085,0.1,-1.0330188679245251
10.208,1.0367924528301884,0.1,-1.0103773584905653
10.216000000000001,1.029245283018867,0.1,-0.9877358490566005
10.224,1.0216981132075469,0.1,-0.9650943396226407
10.232000000000001,1.0141509433962252,0.1,-0.9424528301886759
10.24,1.0066037735849054,0.1,-0.919811320754716
10.248,0.9500000000000444,0.1,-0.7500000000001332
10.256,0.29670329670329654,0.3,0.41318681318681383
10.264,0.28791208791208867,0.3,0.44835164835164537
10.272,0.2791208791208788,0.3,0.48351648351648474
10.28,0.2703296703296709,0.3,0.5186813186813163
10.288,0.2615384615384611,0.3,0.5538461538461557
10.296,0.2527472527472532,0.3,0.5890109890109873
10.304,0.24395604395604337,0.3,0.6241758241758266
10.312,0.23516483516483547,0.3,0.6593406593406581
10.32,0.22637362637362562,0.3,0.6945054945054976
10.328,0.21758241758241775,0.3,0.7296703296703291
10.336,0.2087912087912079,0.3,0.7648351648351686
10.344,0.2,0.3,0.8
10.352,-0.4799999999999929,0.3,2.059999999999986
10.36,-1.0,0.3,2.6
10.368,-1.0563380281690207,0.3,2.6338028169014125
10.376,-1.1126760563380287,0.3,2.6676056338028173
10.384,-1.1690140845070494,0.3,2.7014084507042297
10.392,-1.2253521126760574,0.3,2.7352112676056346
10.4,-1.281690140845078,0.3,2.769014084507047
10.408,-1.338028169014086,0.3,2.802816901408452
10.416,-1.3943661971831067,0.3,2.836619718309864
10.424,-1.4507042253521147,0.3,2.8704225352112687
10.432,-1.750000000000222,0.3,3.000000000000089
10.44,-2.8034782608695648,-0.006956521739129656,3.086086956521741
10.448,-2.810434782608696,-0.02086956521739206,3.058260869565216
10.456,-2.8173913043478254,-0.03478260869565137,3.0304347826086975
10.464,-2.8243478260869566,-0.04869565217391377,3.0026086956521727
10.472,-2.8313043478260864,-0.06260869565217309,2.974782608695654
10.48,-2.8382608695652176,-0.07652173913043549,2.9469565217391294
10.488,-2.8452173913043475,-0.0904347826086948,2.9191304347826104
10.496,-2.8521739130434787,-0.1043478260869572,2.8913043478260856
10.504,-2.859130434782608,-0.1182608695652165,2.863478260869567
10.512,-2.8660869565217393,-0.13217391304347892,2.8356521739130423
10.52,-2.873043478260869,-0.14608695652173823,2.8078260869565237
10.528,-2.8800000000000003,-0.16000000000000061,2.779999999999999
10.536,-2.8869565217391298,-0.17391304347825995,2.7521739130434804
10.544,-2.893913043478261,-0.18782608695652234,2.7243478260869556
10.552,-2.7600000000000495,-0.2,2.6000000000000356
10.56,-0.4,-0.1,1.2
10.568,0.4430769230769214,0.010769230769230349,0.6461538461538482
10.576,0.49230769230769655,0.02307692307692413,0.5846153846153793
10.584,0.5415384615384607,0.035384615384615174,0.5230769230769241
10.592,0.5907692307692358,0.047692307692308956,0.46153846153845524
10.6,0.64,0.060000000000000005,0.39999999999999997
10.608,0.6892307692307751,0.07230769230769378,0.3384615384615311
10.616,0.7384615384615394,0.08461538461538483,0.2769230769230759
10.624,0.7876923076923145,0.09692307692307861,0.21538461538460701
10.632,0.9499999999999889,0.1,-0.09999999999997783
10.64,0.2,0.0,-0.9
10.648,0.1829787234042571,0.0,-0.9
10.656,0.1659574468085104,0.0,-0.9
10.664,0.1489361702127675,0.0,-0.9
10.672,0.1319148936170208,0.0,-0.9
10.68,0.11489361702127789,0.0,-0.9
10.688,0.0978723404255312,0.0,-0.9
10.696,0.08085106382978828,0.0,-0.9
10.704,0.06382978723404159,0.0,-0.9
10.712,0.04680851063829869,0.0,-0.9
10.72,0.029787234042551985,0.0,-0.9
10.728,0.012765957446809084,0.0,-0.9
10.736,-0.1,0.0,-0.9
10.744,-0.1799999999999929,0.0,-0.8200000000000072
10.752,-0.30389610389610405,0.0,-0.6961038961038959
10.76,-0.3142857142857133,0.0,-0.6857142857142866
10.768,-0.32467532467532484,0.0,-0.6753246753246751
10.776,-0.3350649350649341,0.0,-0.6649350649350658
10.784,-0.3454545454545457,0.0,-0.6545454545454543
10.792,-0.3558441558441549,0.0,-0.644155844155845
10.8,-0.36623376623376647,0.0,-0.6337662337662335
10.808,-0.37662337662337575,0.0,-0.6233766233766243
10.816,-0.3870129870129873,0.0,-0.6129870129870127
10.824,-0.39740259740259654,0.0,-0.6025974025974035
10.832,-0.6499999999999555,0.15000000000004443,-0.2499999999999556
10.84,-0.5852631578947376,0.2,-0.19263157894736882
10.848,-0.5684210526315779,0.2,-0.184210526315789
10.856,-0.5515789473684221,0.2,-0.17578947368421102
10.864,-0.5347368421052624,0.2,-0.1673684210526312
10.872,-0.5178947368421064,0.2,-0.15894736842105323
10.88,-0.5010526315789467,0.2,-0.1505263157894734
10.888,-0.48421052631579087,0.2,-0.14210526315789543
10.896,-0.4673684210526312,0.2,-0.1336842105263156
10.904,-0.4505263157894753,0.2,-0.12526315789473763
10.912,-0.4336842105263156,0.2,-0.1168421052631578
10.92,-0.4168421052631597,0.2,-0.10842105263157983
10.928,-0.4,0.2,-0.09999999999999999
10.936,-0.1,0.3,0.2
10.944,-0.11818181818182039,0.2909090909090898,0.2
10.952,-0.13636363636363674,0.28181818181818163,0.2
10.96,-0.15454545454545712,0.27272727272727143,0.2
10.968,-0.17272727272727345,0.2636363636363633,0.2
10.976,-0.19090909090909386,0.2545454545454531,0.2
10.984,-0.2090909090909102,0.2454545454545449,0.2
10.992,-0.22727272727273057,0.23636363636363472,0.2
11.0,-0.2454545454545469,0.22727272727272654,0.2
11.008000000000001,-0.26363636363636733,0.21818181818181634,0.2
11.016,-0.28181818181818363,0.20909090909090816,0.2
11.024000000000001,-0.3,0.2,0.20000000000008883
11.032,-0.6056603773584924,0.1,0.4
11.040000000000001,-0.6283018867924572,0.1,0.4
11.048,-0.6509433962264171,0.1,0.4
11.056000000000001,-0.6735849056603819,0.1,0.4
11.064,-0.6962264150943417,0.1,0.4
11.072000000000001,-0.7188679245283065,0.1,0.4
11.08,-0.7415094339622663,0.1,0.4
11.088000000000001,-0.7641509433962311,0.1,0.4
11.096,-0.786792452830191,0.1,0.4
11.104000000000001,-0.8094339622641558,0.1,0.4
11.112,-0.8320754716981156,0.1,0.4
11.120000000000001,-0.8547169811320805,0.1,0.4
11.128,-0.8773584905660402,0.1,0.4
11.136000000000001,-0.9000000000005329,0.09999999999982237,0.4
11.144,-1.1999999999999824,-0.1,0.24999999999997335
11.152000000000001,-0.48356164383561107,-0.1,-0.3136986301369908
11.16,-0.4178082191780844,-0.1,-0.36849315068492966
11.168000000000001,-0.3520547945205431,-0.1,-0.4232876712328807
11.176,-0.2863013698630165,-0.1,-0.47808219178081957
11.184000000000001,-0.22054794520547527,-0.1,-0.5328767123287705
11.192,-0.15479452054794862,-0.1,-0.5876712328767095
11.200000000000001,-0.08904109589040737,-0.1,-0.6424657534246605
11.208,-0.023287671232880724,-0.1,-0.6972602739725994
11.216000000000001,0.042465753424660524,-0.1,-0.7520547945205505
11.224,0.17999999999997157,-0.08000000000000711,-0.8999999999999645
11.232000000000001,1.0800000000000853,0.1,-1.8800000000000852
11.24,1.2957446808510644,0.0,-2.2085106382978714
11.248000000000001,1.287234042553191,0.0,-2.2255319148936183
11.256,1.2787234042553195,0.0,-2.2425531914893613
11.264,1.270212765957448,0.0,-2.259574468085104
11.272,1.2617021276595746,0.0,-2.2765957446808507
11.28,1.2531914893617033,0.0,-2.2936170212765936
11.288,1.2446808510638299,0.0,-2.31063829787234
11.296,1.2361702127659584,0.0,-2.327659574468083
11.304,1.2276595744680852,0.0,-2.34468085106383
11.312,1.2191489361702135,0.0,-2.361702127659573
11.32,1.2106382978723402,0.0,-2.3787234042553194
11.328,1.2021276595744688,0.0,-2.3957446808510623
11.336,1.4,0.0,-2.7
11.344,1.4172043010752668,0.0,-2.6913978494623665
11.352,1.4344086021505376,0.0,-2.6827956989247315
11.36,1.4516129032258045,0.0,-2.6741935483870978
11.368,1.4688172043010752,0.0,-2.6655913978494623
11.376,1.4860215053763424,0.0,-2.656989247311829
11.384,1.503225806451613,0.0,-2.6483870967741936
11.392,1.52043010752688,0.0,-2.6397849462365603
11.4,1.5376344086021507,0.0,-2.631182795698925
11.408,1.5548387096774177,0.0,-2.622580645161291
11.416,1.5720430107526884,0.0,-2.6139784946236557
11.424,1.5892473118279553,0.0,-2.6053763440860225
11.432,1.9,-0.1,-2.399999999999911
11.44,1.7916666666666676,-0.10416666666666621,-1.6875000000000013
11.448,1.774999999999999,-0.11250000000000047,-1.6624999999999985
11.456,1.7583333333333344,-0.12083333333333288,-1.6375000000000013
11.464,1.7416666666666658,-0.12916666666666715,-1.6124999999999985
11.472,1.725000000000001,-0.13749999999999954,-1.5875000000000012
11.48,1.7083333333333326,-0.14583333333333381,-1.5624999999999987
11.488,1.6916666666666678,-0.15416666666666623,-1.5375000000000014
11.496,1.6749999999999992,-0.16250000000000048,-1.5124999999999986
11.504,1.6583333333333343,-0.1708333333333329,-1.4875000000000014
11.512,1.6416666666666657,-0.17916666666666714,-1.4624999999999986
11.52,1.625000000000001,-0.18749999999999956,-1.4375000000000013
11.528,1.6083333333333325,-0.1958333333333338,-1.4124999999999985
11.536,1.3400000000000318,-0.1,-1.040000000000032
11.544,1.1,-0.1,-0.8
11.552,0.5810126582278515,0.006329113924049466,0.025316455696197865
11.56,0.5506329113924047,0.01645569620253176,0.06582278481012704
11.568,0.5202531645569646,0.026582278481011804,0.10632911392404722
11.576,0.4898734177215177,0.0367088607594941,0.1468354430379764
11.584,0.4594936708860775,0.04683544303797414,0.18734177215189657
11.592,0.42911392405063065,0.05696202531645644,0.22784810126582575
11.6,0.39873417721519056,0.06708860759493648,0.26835443037974593
11.608,0.3683544303797437,0.07721518987341879,0.30886075949367514
11.616,0.33797468354430354,0.08734177215189882,0.3493670886075953
11.624,0.3075949367088566,0.09746835443038111,0.38987341772152445
11.632,-0.1750000000000111,0.3750000000000111,1.6000000000000445
11.64,-0.4185567010309286,0.40618556701030956,2.230927835051548
11.648,-0.44329896907216315,0.41443298969072107,2.2721649484536055
11.656,-0.4680412371134032,0.4226804123711344,2.313402061855672
11.664,-0.49278350515463765,0.4309278350515459,2.35463917525773
11.672,-0.5175257731958777,0.4391752577319592,2.3958762886597964
11.68,-0.5422680412371121,0.4474226804123707,2.4371134020618537
11.688,-0.5670103092783522,0.45567010309278405,2.4783505154639203
11.696,-0.5917525773195866,0.46391752577319556,2.519587628865978
11.704,-0.6164948453608267,0.4721649484536089,2.5608247422680446
11.712,-0.6412371134020611,0.4804123711340204,2.6020618556701023
11.72,-0.6659793814433012,0.4886597938144337,2.643298969072169
11.728,-0.6907216494845356,0.49690721649484526,2.684536082474226
11.736,-1.8,0.5,4.3
11.744,-2.196341463414634,0.39634146341463405,4.389024390243902
11.752,-2.1865853658536576,0.38658536585365744,4.359756097560973
11.76,-2.1768292682926833,0.376829268292683,4.330487804878049
11.768,-2.1670731707317064,0.36707317073170637,4.301219512195119
11.776,-2.157317073170732,0.3573170731707319,4.271951219512196
11.784,-2.1475609756097556,0.3475609756097553,4.242682926829266
11.792,-2.137804878048781,0.33780487804878084,4.213414634146343
11.8,-2.1280487804878043,0.3280487804878043,4.184146341463412
11.808,-2.11829268292683,0.3182926829268298,4.154878048780489
11.816,-2.108536585365853,0.30853658536585316,4.1256097560975595
11.824,-1.3,0.3,3.6
11.832,1.1500000000000554,0.2,1.7999999999999112
11.84,1.3919191919191927,0.19595959595959642,1.3676767676767712
11.848,1.3757575757575748,0.18787878787878745,1.3030303030302994
11.856,1.3595959595959604,0.1797979797979803,1.2383838383838421
11.864,1.3434343434343425,0.17171717171717132,1.1737373737373704
11.872,1.3272727272727283,0.16363636363636413,1.109090909090913
11.88,1.3111111111111102,0.15555555555555517,1.0444444444444412
11.888,1.294949494949496,0.14747474747474798,0.9797979797979839
11.896,1.278787878787878,0.13939393939393901,0.915151515151512
11.904,1.2626262626262637,0.13131313131313183,0.8505050505050546
11.912,1.2464646464646456,0.12323232323232287,0.7858585858585829
11.92,1.2303030303030313,0.1151515151515157,0.7212121212121255
11.928,1.2141414141414133,0.10707070707070673,0.6565656565656538
11.936,1.1500000000000266,0.1,0.5300000000000373
11.944,0.7499999999999734,0.1,-0.03000000000003733
11.952,-3.4922077922077897,-0.19740259740259655,-1.4
11.96,-3.461038961038955,-0.187012987012985,-1.4
11.968,-3.4298701298701273,-0.17662337662337574,-1.4
11.976,-3.3987012987012926,-0.16623376623376418,-1.4
11.984,-3.367532467532465,-0.15584415584415492,-1.4
11.992,-3.33636363636363,-0.14545454545454337,-1.4
12.0,-3.3051948051948026,-0.1350649350649341,-1.4
12.008000000000001,-3.274025974025968,-0.12467532467532255,-1.4
12.016,-3.24285714285714,-0.1142857142857133,-1.4
12.024000000000001,-3.2116883116883055,-0.10389610389610174,-1.4
12.032,-0.5,0.1,-0.6
12.040000000000001,0.029787234042558987,0.20744680851063976,-0.17765957446808078
12.048,0.06382978723404417,0.21595744680851103,-0.1521276595744669
12.056000000000001,0.09787234042553691,0.22446808510638422,-0.12659574468084733
12.064,0.1319148936170221,0.23297872340425552,-0.10106382978723344
12.072000000000001,0.16595744680851485,0.2414893617021287,-0.07553191489361388
12.08,0.20000000000000004,0.25,-0.04999999999999999
12.088000000000001,0.23404255319149278,0.2585106382978732,-0.024468085106380433
12.096,0.26808510638297794,0.2670212765957445,0.0010638297872334612
12.104000000000001,0.3021276595744707,0.27553191489361767,0.026595744680853017
12.112,0.3361702127659559,0.28404255319148897,0.05212765957446691
12.120000000000001,0.3702127659574486,0.29255319148936215,0.07765957446808647
12.128,0.45,0.35,0.25
12.136000000000001,0.6999999999999981,0.5,0.8
12.144,0.6914893617021268,0.5,0.8
12.152000000000001,0.6829787234042536,0.5,0.8
12.16,0.6744680851063823,0.5,0.8
12.168000000000001,0.6659574468085091,0.5,0.8
12.176,0.6574468085106379,0.5,0.8
12.184000000000001,0.6489361702127646,0.5,0.8
12.192,0.6404255319148934,0.5,0.8
12.200000000000001,0.6319148936170201,0.5,0.8
12.208,0.6234042553191489,0.5,0.8
12.216000000000001,0.6148936170212757,0.5,0.8
12.224,0.6063829787234044,0.5,0.8
12.232000000000001,0.5999999999996447,0.3999999999999112,0.8
12.24,-0.19021739130434753,0.1,0.39347826086956506
12.248000000000001,-0.1641304347826056,0.1,0.37608695652173707
12.256,-0.1380434782608695,0.1,0.358695652173913
12.264000000000001,-0.1119565217391276,0.1,0.3413043478260851
12.272,-0.08586956521739147,0.1,0.323913043478261
12.280000000000001,-0.05978260869564958,0.1,0.30652173913043307
12.288,-0.03369565217391346,0.1,0.289130434782609
12.296,-0.0076086956521773386,0.1,0.2717391304347849
12.304,0.018478260869564556,0.1,0.254347826086957
12.312,0.04456521739130068,0.1,0.2369565217391329
12.32,0.07065217391304257,0.1,0.21956521739130497
12.328,0.09673913043477872,0.1,0.2021739130434809
12.336,-0.3,-0.0010989010989004985,-0.4
12.344,-0.3,-0.009890109890108389,-0.4
12.352,-0.3,-0.018681318681318233,-0.4
12.36,-0.3,-0.027472527472526122,-0.4
12.368,-0.3,-0.03626373626373597,-0.4
12.376,-0.3,-0.04505494505494386,-0.4
12.384,-0.3,-0.0538461538461537,-0.4
12.392,-0.3,-0.0626373626373616,-0.4
12.4,-0.3,-0.07142857142857144,-0.4
12.408,-0.3,-0.08021978021977932,-0.4
12.416,-0.3,-0.08901098901098917,-0.4
12.424,-0.3,-0.09780219780219707,-0.4
12.432,-0.21428571428570703,-0.185714285714293,-0.485714285714293
12.44,1.0034090909090891,-0.1,-1.002272727272726
12.448,1.0306818181818196,-0.1,-1.0204545454545464
12.456,1.0579545454545443,-0.1,-1.0386363636363627
12.464,1.0852272727272747,-0.1,-1.0568181818181832
12.472,1.1124999999999994,-0.1,-1.0749999999999995
12.48,1.1397727272727298,-0.1,-1.0931818181818198
12.488,1.1670454545454543,-0.1,-1.111363636363636
12.496,1.194318181818185,-0.1,-1.1295454545454566
12.504,1.2215909090909094,-0.1,-1.147727272727273
12.512,1.24886363636364,-0.1,-1.1659090909090932
12.52,1.2761363636363645,-0.1,-1.1840909090909097
12.528,1.5,-0.1,-1.3
12.536,1.2873684210526313,-0.3031578947368422,-1.4
12.544,1.253684210526312,-0.311578947368422,-1.4
12.552,1.22,-0.32,-1.4
12.56,1.1863157894736807,-0.32842105263157984,-1.4
12.568,1.152631578947369,-0.3368421052631578,-1.4
12.576,1.1189473684210496,-0.3452631578947376,-1.4
12.584,1.0852631578947376,-0.3536842105263156,-1.4
12.592,1.0515789473684183,-0.36210526315789543,-1.4
12.6,1.0178947368421065,-0.37052631578947337,-1.4
12.608,0.9842105263157871,-0.37894736842105325,-1.4
12.616,0.9505263157894752,-0.3873684210526312,-1.4
12.624,0.9168421052631559,-0.395789473684211,-1.4
12.632,0.5666666666666667,-0.3666666666666667,-1.5333333333333334
12.64,0.5011904761904776,-0.29880952380952236,-1.6011904761904776
12.648,0.5107142857142859,-0.28928571428571404,-1.610714285714286
12.656,0.5202380952380964,-0.2797619047619036,-1.6202380952380964
12.664,0.5297619047619047,-0.27023809523809533,-1.6297619047619047
12.672,0.5392857142857151,-0.2607142857142849,-1.6392857142857151
12.68,0.5488095238095234,-0.2511904761904766,-1.6488095238095235
12.688,0.5583333333333338,-0.24166666666666614,-1.6583333333333339
12.696,0.5678571428571422,-0.23214285714285782,-1.6678571428571423
12.704,0.5773809523809526,-0.22261904761904738,-1.6773809523809526
12.712,0.5869047619047609,-0.2130952380952391,-1.6869047619047608
12.72,0.5964285714285713,-0.20357142857142865,-1.6964285714285714
12.728,0.819999999999993,-0.08000000000000711,-1.5
12.736,0.9,0.0,-1.4957894736842092
12.744,0.9,0.0,-1.4873684210526312
12.752,0.9,0.0,-1.4789473684210512
12.76,0.9,0.0,-1.4705263157894735
12.768,0.9,0.0,-1.4621052631578935
12.776,0.9,0.0,-1.4536842105263155
12.784,0.9,0.0,-1.4452631578947357
12.792,0.9,0.0,-1.4368421052631577
12.8,0.9,0.0,-1.428421052631578
12.808,0.9,0.0,-1.42
12.816,0.9,0.0,-1.4115789473684202
12.824,0.9,0.0,-1.4031578947368422
12.832,0.8,0.0,-1.2
12.84,1.719999999999989,0.4011764705882347,-0.7988235294117654
12.848,1.8800000000000088,0.4105882352941182,-0.7894117647058819
12.856,2.039999999999993,0.4199999999999996,-0.7800000000000005
12.864,2.2000000000000126,0.4294117647058831,-0.7705882352941169
12.872,2.3599999999999968,0.4388235294117645,-0.7611764705882355
12.88,2.5200000000000164,0.448235294117648,-0.751764705882352
12.888,2.6800000000000006,0.45764705882352946,-0.7423529411764705
12.896,2.8400000000000203,0.46705882352941297,-0.7329411764705871
12.904,3.000000000000004,0.47647058823529437,-0.7235294117647056
12.912,3.1600000000000237,0.4858823529411779,-0.7141176470588221
12.92,3.320000000000008,0.4952941176470593,-0.7047058823529406
12.928,6.144444444444576,0.7,-0.6222222222222288
12.936,8.4,0.5,-0.8
12.944,8.806451612903226,0.2870967741935479,-1.093548387096774
12.952,8.81505376344086,0.26989247311828096,-1.0849462365591405
12.96,8.823655913978495,0.2526881720430102,-1.0763440860215052
12.968,8.832258064516129,0.2354838709677433,-1.0677419354838718
12.976,8.840860215053764,0.21827956989247255,-1.0591397849462363
12.984,8.849462365591398,0.2010752688172056,-1.0505376344086028
12.992,8.858064516129033,0.18387096774193487,-1.0419354838709676
13.0,8.866666666666667,0.16666666666666796,-1.033333333333334
13.008000000000001,8.875268817204303,0.1494623655913972,-1.0247311827956986
13.016,8.883870967741935,0.13225806451613029,-1.0161290322580652
13.024000000000001,8.89247311827957,0.11505376344085955,-1.0075268817204297
13.032,8.25,0.0,-1.05
13.040000000000001,6.6083333333331655,-0.1583333333333432,-1.1
13.048,4.039999999999908,-0.1,-1.0
13.056000000000001,2.9999999999999707,-0.10000000000000266,-1.0
13.064,2.868656716417896,-0.111940298507464,-1.0
13.072000000000001,2.737313432835792,-0.12388059701492798,-1.0
13.08,2.6059701492537175,-0.13582089552238935,-1.0
13.088000000000001,2.4746268656716133,-0.14776119402985333,-1.0
13.096,2.343283582089539,-0.15970149253731467,-1.0
13.104000000000001,2.2119402985074346,-0.17164179104477867,-1.0
13.112,2.0805970149253596,-0.18358208955224,-1.0
13.120000000000001,1.9492537313432559,-0.195522388059704,-1.0
13.128,1.7,-0.9,-1.7
13.136000000000001,2.028865979381449,-1.0072164948453621,-1.907216494845362
13.144,2.0618556701030943,-1.0154639175257736,-1.9154639175257735
13.152000000000001,2.094845360824747,-1.0237113402061868,-1.9237113402061867
13.16,2.127835051546392,-1.031958762886598,-1.931958762886598
13.168000000000001,2.160824742268045,-1.0402061855670113,-1.9402061855670112
13.176,2.1938144329896905,-1.0484536082474227,-1.9484536082474226
13.184000000000001,2.2268041237113434,-1.056701030927836,-1.9567010309278359
13.192,2.2597938144329888,-1.0649484536082472,-1.964948453608247
13.200000000000001,2.2927835051546412,-1.0731958762886604,-1.9731958762886603
13.208,2.3257731958762866,-1.0814432989690719,-1.9814432989690718
13.216000000000001,2.3587628865979395,-1.0896907216494849,-1.9896907216494848
13.224,2.391752577319585,-1.0979381443298963,-1.9979381443298962
13.232000000000001,2.499999999999467,-1.0999999999998225,-1.5999999999996448
13.24,2.1702127659574484,-1.007446808510638,-1.3925531914893619
13.248000000000001,2.136170212765955,-1.0159574468085113,-1.3840425531914886
13.256,2.102127659574469,-1.0244680851063828,-1.3755319148936171
13.264000000000001,2.0680851063829757,-1.0329787234042562,-1.367021276595744
13.272,2.03404255319149,-1.0414893617021277,-1.3585106382978724
13.280000000000001,1.9999999999999964,-1.050000000000001,-1.349999999999999
13.288,1.9659574468085106,-1.0585106382978724,-1.3414893617021275
13.296000000000001,1.9319148936170172,-1.0670212765957459,-1.3329787234042543
13.304,1.8978723404255313,-1.0755319148936173,-1.3244680851063828
13.312000000000001,1.863829787234038,-1.0840425531914906,-1.3159574468085096
13.32,1.829787234042552,-1.092553191489362,-1.307446808510638
13.328,1.7000000000000592,-1.1,-1.2666666666666864
13.336,0.9,-1.1,-1.2
13.344,0.9,-1.1,-1.2
13.352,0.9,-1.1,-1.2
13.36,0.9,-1.1,-1.2
13.368,0.9,-1.1,-1.2
13.376,0.9,-1.1,-1.2
13.384,0.9,-1.1,-1.2
13.392,0.9,-1.1,-1.2
13.4,0.9,-1.1,-1.2
13.408,0.9,-1.1,-1.2
13.416,0.9,-1.1,-1.2
13.424,0.9,-1.1,-1.2
13.432,0.9,-1.1,-1.2
13.44,0.9,-1.1,-1.2
13.448,0.8,-0.7692307692307724,-1.1
13.456,0.8,-0.7076923076923172,-1.1
13.464,0.8,-0.6124999999999944,-1.0124999999999944
13.472,0.7774193548387105,-0.5887096774193552,-1.0
13.48,0.7516129032258042,-0.575806451612902,-1.0
13.488,0.7258064516129035,-0.5629032258064517,-1.0
13.496,0.6999999999999972,-0.5499999999999986,-1.0
13.504,0.6741935483870964,-0.5370967741935483,-1.0
13.512,0.6483870967741902,-0.5241935483870951,-1.0
13.52,0.6225806451612895,-0.5112903225806448,-1.0
13.528,0.4999999999999112,-0.4499999999999556,-1.0500000000000445
13.536,0.3,-0.4,-1.1428571428571466
13.544,0.288372093023254,-0.39418604651162703,-1.094186046511627
13.552,0.2697674418604654,-0.38488372093023276,-1.0848837209302329
13.56,0.2511627906976727,-0.3755813953488364,-1.0755813953488365
13.568,0.23255813953488413,-0.36627906976744207,-1.0662790697674422
13.576,0.21395348837209144,-0.35697674418604575,-1.0569767441860458
13.584,0.19534883720930285,-0.3476744186046514,-1.0476744186046514
13.592,0.17674418604651015,-0.3383720930232551,-1.0383720930232552
13.6,0.15813953488372157,-0.3290697674418608,-1.0290697674418607
13.608,0.13953488372092884,-0.3197674418604644,-1.0197674418604645
13.616,0.12093023255814025,-0.31046511627907014,-1.01046511627907
13.624,0.10232558139534756,-0.30116279069767377,-1.0011627906976739
13.632,-0.12000000000002843,-0.03999999999998579,-0.6
13.64,0.016483516483518864,-0.1054945054945063,-0.6
13.648,0.04285714285714202,-0.11428571428571402,-0.6
13.656,0.06923076923077102,-0.12307692307692368,-0.6
13.664,0.09560439560439418,-0.1318681318681314,-0.6
13.672,0.1219780219780232,-0.14065934065934108,-0.6
13.68,0.14835164835164635,-0.1494505494505488,-0.6
13.688,0.17472527472527535,-0.15824175824175846,-0.6
13.696,0.20109890109889852,-0.16703296703296616,-0.6
13.704,0.22747252747252752,-0.17582417582417587,-0.6
13.712,0.25384615384615067,-0.18461538461538357,-0.6
13.72,0.28021978021977967,-0.19340659340659325,-0.6
13.728,-0.2,0.0,-1.0
13.736,-0.3,0.2,-1.1
13.744,-0.3170212765957429,0.20851063829787148,-1.1085106382978716
13.752,-0.33404255319148957,0.2170212765957448,-1.1170212765957448
13.76,-0.3510638297872325,0.22553191489361626,-1.1255319148936163
13.768,-0.3680851063829792,0.23404255319148962,-1.1340425531914897
13.776,-0.38510638297872213,0.24255319148936105,-1.1425531914893612
13.784,-0.40212765957446883,0.2510638297872344,-1.1510638297872344
13.792,-0.4191489361702117,0.25957446808510587,-1.159574468085106
13.8,-0.4361702127659584,0.2680851063829792,-1.1680851063829791
13.808,-0.4531914893617013,0.2765957446808507,-1.1765957446808506
13.816,-0.470212765957448,0.28510638297872404,-1.185106382978724
13.824,-0.4872340425531909,0.29361702127659545,-1.1936170212765953
13.832,-0.5,0.3,-1.3
13.84,-0.5,0.3,-1.2333333333333334
13.848,0.30000000000000004,0.5,-0.8
13.856,0.3324324324324289,0.5,-0.8
13.864,0.364864864864865,0.5,-0.8
13.872,0.39729729729729396,0.5,-0.8
13.88,0.4297297297297301,0.5,-0.8
13.888,0.462162162162159,0.5,-0.8
13.896,0.49459459459459515,0.5,-0.8
13.904,0.5270270270270241,0.5,-0.8
13.912,0.5594594594594602,0.5,-0.8
13.92,0.5918918918918892,0.5,-0.8
13.928,0.8625000000000167,0.4,-0.8
13.936,0.9989010989010995,0.3,-0.7
13.944,0.9901098901098897,0.3,-0.7
13.952,0.9813186813186818,0.3,-0.7
13.96,0.972527472527472,0.3,-0.7
13.968,0.9637362637362641,0.3,-0.7
13.976,0.9549450549450542,0.3,-0.7
13.984,0.9461538461538463,0.3,-0.7
13.992,0.9373626373626365,0.3,-0.7
14.0,0.9285714285714286,0.3,-0.7
14.008000000000001,0.9197802197802187,0.3,-0.7
14.016,0.9109890109890109,0.3,-0.7
14.024000000000001,0.902197802197801,0.3,-0.7
14.032,0.95,0.45,-0.55
14.040000000000001,0.4953488372093008,0.2953488372093008,-0.5046511627906992
14.048,0.4860465116279065,0.2860465116279065,-0.5139534883720935
14.056000000000001,0.47674418604651014,0.27674418604651013,-0.5232558139534899
14.064,0.4674418604651159,0.26744186046511587,-0.5325581395348842
14.072000000000001,0.4581395348837195,0.2581395348837195,-0.5418604651162805
14.08,0.44883720930232524,0.2488372093023252,-0.5511627906976748
14.088000000000001,0.43953488372092886,0.23953488372092885,-0.5604651162790711
14.096,0.43023255813953454,0.23023255813953455,-0.5697674418604655
14.104000000000001,0.4209302325581382,0.2209302325581382,-0.5790697674418618
14.112,0.4116279069767439,0.2116279069767439,-0.5883720930232561
14.120000000000001,0.4023255813953476,0.20232558139534756,-0.5976744186046524
14.128,0.3,0.0,-0.7
14.136000000000001,0.27837837837837537,-0.021621621621624607,-0.7216216216216246
14.144,0.2567567567567556,-0.04324324324324441,-0.7432432432432444
14.152000000000001,0.23513513513513098,-0.06486486486486902,-0.764864864864869
14.16,0.21351351351351117,-0.08648648648648882,-0.7864864864864889
14.168000000000001,0.2,-0.2,-0.8
14.176,0.20857142857142888,-0.2,-0.7828571428571424
14.184000000000001,0.22000000000000153,-0.2,-0.759999999999997
14.192,0.23142857142857165,-0.2,-0.7371428571428568
14.200000000000001,0.2428571428571443,-0.2,-0.7142857142857114
14.208,0.25428571428571445,-0.2,-0.6914285714285712
14.216000000000001,0.26571428571428707,-0.2,-0.6685714285714258
14.224,0.2771428571428572,-0.2,-0.6457142857142856
14.232000000000001,0.28857142857142987,-0.2,-0.6228571428571402
14.24,0.3,-0.2,-0.6
14.248000000000001,0.3888888888888955,-0.022222222222209043,-0.6
14.256,0.5,0.1,-0.1
14.264000000000001,0.5,0.1,-0.1
14.272,0.5,0.1,-0.1
14.280000000000001,0.5,0.1,-0.1
14.288,0.5,0.1,-0.1
14.296000000000001,0.5,0.1,-0.1
14.304,0.5,0.1,-0.1
14.312000000000001,0.5,0.1,-0.1
14.32,0.5,0.1,-0.1
14.328000000000001,0.4999999999999112,-1.7763568393996572e-13,-0.20000000000008883
14.336,0.4,-0.3051020408163273,-0.3051020408163273
14.344,0.4,-0.3132653061224488,-0.3132653061224488
14.352,0.4,-0.32142857142857206,-0.32142857142857206
14.36,0.4,-0.32959183673469356,-0.32959183673469356
14.368,0.4,-0.3377551020408169,-0.3377551020408169
14.376,0.4,-0.34591836734693837,-0.34591836734693837
14.384,0.4,-0.35408163265306164,-0.35408163265306164
14.392,0.4,-0.36224489795918313,-0.36224489795918313
14.4,0.4,-0.37040816326530646,-0.37040816326530646
14.408,0.4,-0.37857142857142795,-0.37857142857142795
14.416,0.4,-0.3867346938775512,-0.3867346938775512
14.424,0.4,-0.3948979591836727,-0.3948979591836727
14.432,0.0,-1.3,-0.6
14.44,-0.1,-1.4,-0.2
14.448,0.01428571428571489,-1.1714285714285702,-0.01428571428571489
14.456,0.033333333333331924,-1.1333333333333362,-0.033333333333331924
14.464,0.05238095238095319,-1.0952380952380936,-0.05238095238095319
14.472,0.07142857142857023,-1.0571428571428596,-0.07142857142857023
14.48,0.09047619047619149,-1.019047619047617,-0.09047619047619149
14.488,0.10952380952380852,-0.980952380952383,-0.10952380952380852
14.496,0.12857142857142978,-0.9428571428571404,-0.12857142857142978
14.504,0.14761904761904682,-0.9047619047619064,-0.14761904761904682
14.512,0.1666666666666681,-0.8666666666666639,-0.1666666666666681
14.52,0.1857142857142851,-0.8285714285714298,-0.1857142857142851
14.528,0.049999999999955594,-0.6999999999996448,-0.599999999999556
14.536,0.6,-0.1,-0.2980769230769241
14.544,0.6,-0.1,-0.2903846153846155
14.552,0.6,-0.1,-0.28269230769230863
14.56,0.6,-0.1,-0.275
14.568,0.6,-0.1,-0.2673076923076931
14.576,0.6,-0.1,-0.25961538461538447
14.584,0.6,-0.1,-0.2519230769230776
14.592,0.6,-0.1,-0.24423076923076897
14.6,0.6,-0.1,-0.23653846153846209
14.608,0.6,-0.1,-0.22884615384615348
14.616,0.6,-0.1,-0.22115384615384656
14.624,0.6,-0.1,-0.21346153846153793
14.632,0.6,-0.1,-0.20576923076923104
14.64,0.5555555555555424,-0.1,-0.24444444444445762
14.648,0.35,-0.15000000000000002,-0.4
14.656,0.2054054054054071,-0.0945945945945929,-0.4
14.664,0.21621621621621648,-0.08378378378378352,-0.4
14.672,0.22702702702702826,-0.07297297297297174,-0.4
14.68,0.23783783783783766,-0.06216216216216236,-0.4
14.688,0.24864864864864944,-0.05135135135135058,-0.4
14.696,0.2594594594594588,-0.040540540540541195,-0.4
14.704,0.2702702702702706,-0.029729729729729412,-0.4
14.712,0.28108108108108,-0.01891891891892003,-0.4
14.72,0.29189189189189174,-0.008108108108108247,-0.4
14.728,0.15000000000000002,0.0,-0.3
14.736,0.0,0.10425531914893754,-0.2914893617021249
14.744,0.0,0.11276595744680884,-0.2744680851063823
14.752,0.0,0.12127659574468203,-0.25744680851063595
14.76,0.0,0.12978723404255332,-0.24042553191489335
14.768,0.0,0.1382978723404265,-0.22340425531914698
14.776,0.0,0.1468085106382978,-0.20638297872340441
14.784,0.0,0.155319148936171,-0.18936170212765804
14.792,0.0,0.1638297872340423,-0.17234042553191545
14.8,0.0,0.17234042553191548,-0.15531914893616908
14.808,0.0,0.18085106382978677,-0.13829787234042648
14.816,0.0,0.18936170212765996,-0.12127659574468014
14.824,0.0,0.19787234042553126,-0.10425531914893754
14.832,-0.15999999999995737,0.12000000000002133,-0.07999999999997869
14.84,-0.003999999999999573,0.19600000000000045,0.0
14.848,-0.012000000000000498,0.1879999999999995,0.0
14.856,-0.019999999999999643,0.18000000000000038,0.0
14.864,-0.02800000000000057,0.17199999999999943,0.0
14.872,-0.03599999999999971,0.1640000000000003,0.0
14.88,-0.04400000000000064,0.15599999999999936,0.0
14.888,-0.05199999999999979,0.14800000000000021,0.0
14.896,-0.06000000000000071,0.1399999999999993,0.0
14.904,-0.06799999999999985,0.13200000000000017,0.0
14.912,-0.07600000000000078,0.12399999999999924,0.0
14.92,-0.08399999999999994,0.11600000000000008,0.0
14.928,-0.09200000000000086,0.10799999999999915,0.0
14.936,-0.1,0.1,0.0
14.944,0.492771084337347,0.2975903614457823,0.29518072289156466
14.952,0.46385542168674787,0.28795180722891595,0.2759036144578319
14.96,0.43493975903614224,0.2783132530120474,0.2566265060240948
14.968,0.4060240963855431,0.268674698795181,0.23734939759036205
14.976,0.3771084337349375,0.2590361445783125,0.21807228915662502
14.984,0.3481927710843383,0.24939759036144613,0.19879518072289223
14.992,0.3192771084337328,0.2397590361445776,0.17951807228915517
15.0,0.2903614457831336,0.23012048192771123,0.1602409638554224
15.008000000000001,0.2614457831325281,0.22048192771084268,0.14096385542168535
15.016,0.2325301204819289,0.2108433734939763,0.1216867469879526
15.024000000000001,0.20361445783132331,0.20120481927710776,0.10240963855421553
15.032,0.3,0.5,0.1
15.040000000000001,0.3,0.5060606060606068,0.1
15.048,0.3,0.5121212121212122,0.1
15.056000000000001,0.3,0.518181818181819,0.1
15.064,0.3,0.5242424242424243,0.1
15.072000000000001,0.3,0.530303030303031,0.1
15.08,0.3,0.5363636363636365,0.1
15.088000000000001,0.3,0.5424242424242433,0.1
15.096,0.3,0.5484848484848487,0.1
15.104000000000001,0.3,0.5545454545454553,0.1
15.112,0.3,0.5606060606060608,0.1
15.120000000000001,0.3,0.5666666666666675,0.1
15.128,0.3,0.572727272727273,0.1
15.136000000000001,0.3,0.5787878787878797,0.1
15.144,0.3,0.5848484848484851,0.1
15.152000000000001,0.3,0.5909090909090918,0.1
15.16,0.3,0.5969696969696973,0.1
15.168000000000001,0.1499999999999556,0.5499999999999556,0.2
15.176,0.0,0.5,0.20909090909091027
15.184000000000001,0.0,0.5,0.22363636363636605
15.192,0.0,0.5,0.2381818181818186
15.200000000000001,0.0,0.5,0.25272727272727435
15.208,0.0,0.5,0.2672727272727269
15.216000000000001,0.0,0.5,0.2818181818181827
15.224,0.0,0.5,0.2963636363636352
15.232000000000001,0.0,0.2,0.29999999999991117
15.24,-0.09690721649484524,-0.10618556701030955,0.0
15.248000000000001,-0.0886597938144319,-0.12268041237113622,0.0
15.256,-0.0804123711340204,-0.1391752577319592,0.0
15.264000000000001,-0.07216494845360706,-0.1556701030927859,0.0
15.272,-0.06391752577319557,-0.1721649484536089,0.0
15.280000000000001,-0.055670103092782225,-0.18865979381443557,0.0
15.288,-0.04742268041237072,-0.20515463917525856,0.0
15.296000000000001,-0.03917525773195739,-0.22164948453608524,0.0
15.304,-0.030927835051545893,-0.23814432989690823,0.0
15.312000000000001,-0.022680412371132552,-0.25463917525773494,0.0
15.32,-0.014432989690721043,-0.27113402061855796,0.0
15.328000000000001,-0.006185567010307716,-0.2876288659793846,0.0
15.336,0.0,-0.2,0.0
15.344000000000001,-0.3500000000000266,-0.3500000000000266,-0.4000000000000178
15.352,-0.507692307692308,-0.503846153846154,-0.5
15.36,-0.5282051282051264,-0.5141025641025633,-0.5
15.368,-0.5487179487179494,-0.5243589743589747,-0.5
15.376,-0.5692307692307678,-0.5346153846153839,-0.5
15.384,-0.5897435897435908,-0.5448717948717954,-0.5
15.392,-0.6102564102564092,-0.5551282051282046,-0.5
15.4,-0.6307692307692321,-0.565384615384616,-0.5
15.408,-0.6512820512820505,-0.5756410256410253,-0.5
15.416,-0.6717948717948735,-0.5858974358974367,-0.5
15.424,-0.6923076923076918,-0.5961538461538459,-0.5
15.432,-0.5600000000000035,-0.9399999999999786,-0.12000000000000711
15.44,-0.3500000000003997,-0.15000000000013322,-0.10000000000017761
15.448,0.08906250000000053,-0.01093749999999948,0.08906250000000053
15.456,0.07656250000000192,-0.023437499999998092,0.07656250000000192
15.464,0.06406250000000052,-0.035937499999999484,0.06406250000000052
15.472,0.05156250000000191,-0.04843749999999809,0.05156250000000191
15.48,0.03906250000000052,-0.060937499999999485,0.03906250000000052
15.488,0.026562500000001918,-0.07343749999999809,0.026562500000001918
15.496,0.014062500000000519,-0.08593749999999949,0.014062500000000519
15.504,0.0015625000000019096,-0.0984374999999981,0.0015625000000019096
15.512,0.0,-0.1,0.2
15.52,-0.007692307692306905,-0.1,0.2
15.528,-0.015384615384615517,-0.1,0.2
15.536,-0.023076923076922422,-0.1,0.2
15.544,-0.030769230769231035,-0.1,0.2
15.552,-0.03846153846153794,-0.1,0.2
15.56,-0.04615384615384655,-0.1,0.2
15.568,-0.05384615384615346,-0.1,0.2
15.576,-0.06153846153846207,-0.1,0.2
15.584,-0.06923076923076897,-0.1,0.2
15.592,-0.0769230769230776,-0.1,0.2
15.6,-0.0846153846153845,-0.1,0.2
15.608,-0.0923076923076931,-0.1,0.2
15.616,-0.1,-0.1,0.2
15.624,0.0,-0.1,0.09669421487603197
15.632,0.0,-0.1,0.09008264462809884
15.64,0.0,-0.1,0.08347107438016424
15.648,0.0,-0.1,0.07685950413223111
15.656,0.0,-0.1,0.07024793388429651
15.664,0.0,-0.1,0.06363636363636338
15.672,0.0,-0.1,0.05702479338842877
15.68,0.0,-0.1,0.05041322314049564
15.688,0.0,-0.1,0.04380165289256104
15.696,0.0,-0.1,0.037190082644627906
15.704,0.0,-0.1,0.030578512396693305
15.712,0.0,-0.1,0.023966942148760176
15.72,0.0,-0.1,0.017355371900825575
15.728,0.0,-0.1,0.010743801652892446
15.736,0.0,-0.1,0.004132231404957845
15.744,-0.1,-0.2,0.0
15.752,-0.1,-0.1,-0.1
15.76,-0.1,-0.1,-0.1
15.768,-0.1,-0.1,-0.1
15.776,-0.1,-0.1,-0.1
15.784,-0.1,-0.1,-0.1
15.792,-0.1,-0.1,-0.1
15.8,-0.1,-0.1,-0.1
15.808,-0.1,-0.1,-0.1
15.816,-0.1,-0.1,-0.1
15.824,-0.1,-0.1,-0.1
15.832,-0.1,-0.1,-0.1
15.84,0.7,0.20000000000000004,0.2
