gyro_time_list,gyro_x_list,gyro_y_list,gyro_z_list
0.0,0.2,0.0,0.0
0.007998875140607424,-0.1010976649896785,0.001097664989678488,0.09890233501032152
0.015997750281214848,-0.10988763767166468,0.00988763767166467,0.09011236232833533
0.023996625421822272,-0.11867761035365086,0.018677610353650852,0.08132238964634915
0.031995500562429696,-0.12746758303563704,0.027467583035637032,0.07253241696436297
0.03999437570303712,-0.1362575557176232,0.036257555717623215,0.0637424442823768
0.047993250843644544,-0.14504752839960938,0.04504752839960939,0.054952471600390615
0.05599212598425197,-0.15383750108159558,0.05383750108159557,0.04616249891840443
0.06399100112485939,-0.16262747376358178,0.06262747376358176,0.03737252623641825
0.07198987626546682,-0.17141744644556794,0.07141744644556794,0.028582553554432066
0.07998875140607424,-0.1802074191275541,0.08020741912755411,0.019792580872445897
0.08798762654668166,-0.18899739180954028,0.08899739180954028,0.011002608190459728
0.09598650168728909,-0.19778736449152648,0.09778736449152647,0.0022126355084735316
0.10398537682789652,0.09514572873512762,0.0,-0.09757286436756382
0.11198425196850394,0.08213942769348954,0.0,-0.09106971384674478
0.11998312710911135,0.06913312665185146,0.0,-0.08456656332592574
0.12798200224971878,0.05612682561021337,0.0,-0.07806341280510669
0.13598087739032622,0.04312052456857527,0.0,-0.07156026228428763
0.14397975253093365,0.03011422352693717,0.0,-0.0650571117634686
0.15197862767154105,0.017107922485299118,0.0,-0.05855396124264956
0.15997750281214848,0.0041016214436610104,0.0,-0.05205081072183051
0.1679763779527559,-0.008904679597977083,0.0,-0.04554766020101146
0.17597525309336332,-0.02191098063961515,0.0,-0.03904450968019243
0.18397412823397075,-0.03491728168125324,0.0,-0.03254135915937338
0.19197300337457818,-0.04792358272289135,0.0,-0.026038208638554328
0.1999718785151856,-0.06092988376452946,0.0,-0.019535058117735274
0.20797075365579304,-0.07393618480616754,0.0,-0.013031907596916234
0.21596962879640044,-0.08694248584780559,0.0,-0.006528757076097208
0.22396850393700787,-0.0999487868894437,0.0,-2.5606555278154253e-05
0.2319673790776153,-0.10054368203974512,0.0,0.0005436820397451136
0.2399662542182227,-0.1042812536363989,0.0,0.0
0.24796512935883014,-0.11117683565416393,0.0,0.0
0.25596400449943757,-0.11807241767192896,0.0,0.0
0.263962879640045,-0.12496799968969399,0.0,0.0
0.27196175478065243,-0.13186358170745902,0.0,0.0
0.27996062992125986,-0.13875916372522404,0.0,0.0
0.2879595050618673,-0.14565474574298906,0.0,0.0
0.29595838020247467,-0.15255032776075406,0.0,0.0
0.3039572553430821,-0.15944590977851908,0.0,0.0
0.31195613048368953,-0.1663414917962841,0.0,0.0
0.31995500562429696,-0.17323707381404913,0.0,0.0
0.3279538807649044,-0.18013265583181415,0.0,0.0
0.3359527559055118,-0.18702823784957917,0.0,0.0
0.34395163104611925,-0.1939238198673442,0.0,0.0
0.35195050618672663,-0.2,0.0,0.0
0.35994938132733406,0.009986251718534997,0.0,0.0
0.3679482564679415,0.1,0.0,-0.1
0.3759471316085489,0.1,0.0,-0.1
0.38394600674915635,0.1,0.0,-0.1
0.3919448818897638,0.1,0.0,-0.1
0.3999437570303712,0.1,0.0,-0.1
0.40794263217097865,0.1,0.0,-0.1
0.4159415073115861,0.1,0.0,-0.1
0.42394038245219345,0.1,0.0,-0.1
0.4319392575928009,0.1,0.0,-0.1
0.4399381327334083,0.3938132733408314,0.09690663667041569,-0.00309336332958432
0.44793700787401575,0.29284697846504126,0.0,0.0
0.4559358830146232,0.283209779500454,0.0,0.0
0.4639347581552306,0.27357258053586675,0.0,0.0
0.47193363329583804,0.2639353815712795,0.0,0.0
0.4799325084364454,0.2542981826066923,0.0,0.0
0.48793138357705285,0.24466098364210503,0.0,0.0
0.4959302587176603,0.23502378467751778,0.0,0.0
0.5039291338582678,0.22538658571293044,0.0,0.0
0.5119280089988751,0.21574938674834324,0.0,0.0
0.5199268841394825,0.20611218778375606,0.0,0.0
0.52792575928009,0.003712035995501184,0.0,0.0
0.5359246344206974,0.0,0.0,0.0
0.5439235095613049,0.0,0.0,0.0
0.5519223847019122,0.0,0.0,0.0
0.5599212598425197,0.0,0.0,0.0
0.5679201349831271,0.0,0.0,0.0
0.5759190101237346,0.0,0.0,0.0
0.583917885264342,0.0,0.0,0.0
0.5919167604049493,0.0,0.0,0.0
0.5999156355455568,0.0,0.0,0.0
0.6079145106861642,0.0,0.0,0.0
0.6159133858267717,0.0,0.0,0.0
0.6239122609673791,0.0,0.0,0.0
0.6319111361079865,0.0,0.0,0.0
0.6399100112485939,0.0,-0.1,-0.1
0.6479088863892013,0.0,-0.10790888638920129,-0.1
0.6559077615298088,0.0,-0.11590776152980878,-0.1
0.6639066366704162,0.0,-0.12390663667041615,-0.1
0.6719055118110236,0.0,-0.13190551181102364,-0.1
0.679904386951631,0.0,-0.13990438695163102,-0.1
0.6879032620922385,0.0,-0.14790326209223853,-0.1
0.6959021372328459,0.0,-0.1559021372328459,-0.1
0.7039010123734533,0.0,-0.16390101237345328,-0.1
0.7118998875140607,0.0,-0.17189988751406077,-0.1
0.7198987626546681,0.0,-0.17989876265466814,-0.1
0.7278976377952756,0.0,-0.18789763779527563,-0.1
0.735896512935883,0.0,-0.195896512935883,-0.1
0.7438953880764905,-0.7790776152980954,-0.2947694038245238,-0.3895388076490477
0.7518942632170978,-1.1838470191226091,-0.5919235095613046,-0.5378852643419569
0.7598931383577053,-1.3971503562054752,-0.6985751781027376,-0.6978627671541064
0.7678920134983127,-1.4121415592281734,-0.7121415592281733,-0.7121415592281733
0.7758908886389201,-1.424447520982954,-0.724447520982954,-0.724447520982954
0.7838897637795276,-1.4367534827377346,-0.7367534827377348,-0.7367534827377348
0.791888638920135,-1.4490594444925153,-0.7490594444925154,-0.7490594444925154
0.7998875140607424,-1.461365406247296,-0.7613654062472961,-0.7613654062472961
0.8078863892013498,-1.4736713680020765,-0.7736713680020767,-0.7736713680020767
0.8158852643419573,-1.4859773297568575,-0.7859773297568574,-0.7859773297568574
0.8238841394825647,-1.498283291511638,-0.798283291511638,-0.798283291511638
0.8318830146231722,-3.6415073115860976,-1.1883014623172197,-1.4324521934758292
0.8398818897637795,-4.5103869994974035,-1.284419500753895,-2.0207739989948066
0.8478807649043869,-4.527405882775291,-1.2588911758370631,-2.054811765550583
0.8558796400449944,-4.544424766053179,-1.2333628509202306,-2.088849532106359
0.8638785151856018,-4.561443649331068,-1.2078345260033987,-2.1228872986621354
0.8718773903262093,-4.578462532608956,-1.1823062010865661,-2.1569250652179117
0.8798762654668166,-4.595481415886844,-1.1567778761697343,-2.1909628317736876
0.8878751406074241,-4.612500299164732,-1.1312495512529017,-2.2250005983294643
0.8958740157480315,-4.62951918244262,-1.1057212263360698,-2.25903836488524
0.9038728908886389,-4.646538065720509,-1.0801929014192377,-2.2930761314410164
0.9118717660292464,-4.663556948998396,-1.0546645765024054,-2.3271138979967927
0.9198706411698537,-4.6805758322762845,-1.0291362515855733,-2.361151664552569
0.9278695163104612,-4.697594715554173,-1.003607926668741,-2.3951894311083453
0.9358683914510686,-4.078965129358877,0.07367829021370781,-2.906580427446573
0.9438672665916761,-3.868878890138733,0.14097534683164598,-2.8836098612673418
0.9518661417322835,-3.7355643044619433,0.18263615485564275,-2.8669455380577427
0.9598650168728908,-3.6022497187851537,0.22429696287963952,-2.850281214848144
0.9678638920134983,-3.468935133108362,0.2659577709036368,-2.8336168916385454
0.9758627671541057,-3.3356205474315725,0.30761857892763356,-2.8169525684289467
0.9838616422947132,-3.202305961754781,0.34927938695163097,-2.8002882452193476
0.9918605174353206,-3.0689913760779914,0.3909401949756277,-2.783623922009749
0.999859392575928,-2.9356767904012,0.432601002999625,-2.76695959880015
1.0078582677165355,-2.8023622047244086,0.4742618110236224,-2.750295275590551
1.0158571428571428,-2.6690476190476207,0.5159226190476186,-2.7336309523809526
1.0238560179977503,-2.5357330333708292,0.5575834270716159,-2.716966629171354
1.0318548931383578,-2.402418447694038,0.5992442350956132,-2.700302305961755
1.039853768278965,-1.1050221663468536,1.3008370277244756,-1.7983259445510489
1.0478526434195725,-1.1520743730563094,1.3086790621760516,-1.782641875647897
1.05585151856018,-1.199126579765765,1.3165210966276275,-1.7669578067447451
1.0638503937007875,-1.246178786475221,1.3243631310792034,-1.751273737841593
1.0718492688413948,-1.2932309931846753,1.3322051655307792,-1.7355896689384416
1.0798481439820022,-1.3402831998941311,1.340047199982355,-1.7199056000352897
1.0878470191226097,-1.3873354066035868,1.347889234433931,-1.7042215311321378
1.095845894263217,-1.4343876133130413,1.3557312688855068,-1.6885374622289864
1.1038447694038245,-1.481439820022497,1.3635733033370827,-1.6728533933258345
1.111843644544432,-1.5284920267319528,1.3714153377886587,-1.6571693244226824
1.1198425196850395,-1.5755442334414085,1.3792573722402346,-1.6414852555195305
1.1278413948256467,-1.622596440150863,1.3870994066918105,-1.625801186616379
1.1358402699662542,-1.6696486468603187,1.3949414411433865,-1.6101171177132272
1.1438391451068617,-1.7839145106861671,1.7258717660292506,-1.1741282339707493
1.1518380202474692,-2.0628100058921235,2.0628100058921235,-0.8697519952863012
1.1598368953880764,-2.253259414001821,2.253259414001821,-0.7173924687985431
1.167835770528684,-2.3082114735658,2.8589426321709994,-0.04926884139480059
1.1758346456692914,-2.2070465768050163,2.953116241825705,0.10623248365140968
1.1838335208098987,-2.112144668357134,3.0073459037959234,0.21469180759184686
1.1918323959505062,-2.017242759909249,3.061575565766143,0.3231511315322871
1.1998312710911136,-1.9223408514613636,3.1158052277363635,0.4316104554727273
1.2078301462317211,-1.8274389430134785,3.1700348897065838,0.5400697794131675
1.2158290213723284,-1.732537034565596,3.2242645516768023,0.6485291033536047
1.2238278965129359,-1.637635126117711,3.278494213647022,0.7569884272940449
1.2318267716535434,1.2741732283464695,0.7519685039369977,0.35590551181099306
1.2398256467941506,-0.30743591261618564,-0.1,-0.09256408738381437
1.2478245219347581,-0.32848558403883693,-0.1,-0.07151441596116306
1.2558233970753656,-0.3495352554614882,-0.1,-0.050464744538511755
1.263822272215973,-0.3705849268841395,-0.1,-0.029415073115860446
1.2718211473565804,-0.39163459830679026,-0.1,-0.008365401693209734
1.2798200224971878,-0.41268426972944156,-0.1,0.012684269729441575
1.2878188976377953,-0.43373394115209285,-0.1,0.03373394115209288
1.2958177727784026,-0.4547836125747436,-0.1,0.054783612574743595
1.30381664791901,-0.4758332839973949,-0.1,0.07583328399739492
1.3118155230596176,-0.4968829554200462,-0.1,0.09688295542004621
1.319814398200225,-0.5179326268426975,-0.1,0.11793262684269754
1.3278132733408323,-0.5389822982653483,-0.1,0.13898229826534825
1.3358121484814398,-0.5600319696879995,-0.1,0.16003196968799957
1.3438110236220473,-0.5810816411106507,-0.1,0.18108164111065086
1.3518098987626546,-0.5190101237345419,-0.1,0.03802024746908381
1.359808773903262,-0.6904386951630974,-0.3713160854892924,-0.3713160854892924
1.3678076490438695,-0.552504774112538,-0.3683365160750253,-0.6683365160750253
1.375806524184477,-0.4966986684803926,-0.3311324456535951,-0.631132445653595
1.3838053993250843,-0.44089256284824885,-0.29392837523216586,-0.5939283752321659
1.3918042744656918,-0.38508645721610346,-0.25672430481073566,-0.5567243048107356
1.3998031496062993,-0.32928035158395813,-0.21952023438930543,-0.5195202343893054
1.4078020247469065,-0.6,1.9609111361079217,0.4807086614172724
1.415800899887514,0.9838252361311965,1.9009338118449497,3.2018676236898993
1.4237997750281215,1.1234881354116448,1.7358776581498743,2.8717553162997485
1.431798650168729,1.263151034692093,1.570821504454799,2.541643008909598
1.4397975253093362,1.4028139339725376,1.4057653507597285,2.2115307015194565
1.4477964004499437,1.542476833252986,1.240709197064653,1.8814183941293061
1.4557952755905512,1.6821397325334342,1.0756530433695777,1.5513060867391555
1.4637941507311587,1.8218026318138825,0.9105968896745025,1.2211937793490049
1.471793025871766,1.9614655310943268,0.7455407359794319,0.8910814719588638
1.4797919010123735,2.101128430374775,0.5804845822843565,0.5609691645687129
1.487790776152981,2.2407913296552233,0.4154284285892813,0.23085685717856252
1.4957896512935882,2.380454228935668,0.25037227489421054,-0.099255450211579
1.5037885264341957,2.5201171282161163,0.08531612119913534,-0.4293677576017294
1.5117874015748032,2.6597800274965646,-0.07974003249593986,-0.7594800649918798
1.5197862767154107,2.799442926777013,-0.24479618619101506,-1.0895923723820302
1.527785151856018,2.939105826057457,-0.4098523398860858,-1.4197046797721717
1.5357840269966254,3.0787687253379055,-0.574908493581161,-1.7498169871623221
1.543782902137233,-0.4395013123359618,-1.2608548931383512,-1.8017810273715649
1.5517817772778402,-0.6728018372703402,-0.8609111361079884,-0.9685648668916422
1.5597806524184477,-0.9061023622047248,-0.46096737907761454,-0.13534870641169627
1.5677795275590551,-0.9407132931912927,-0.47776748494673477,0.07776748494673477
1.5757784026996626,-0.8152407419660771,-0.4307152782372789,0.030715278237278903
1.58377727784027,-0.6897681907408649,-0.38366307152782436,-0.01633692847217566
1.5917761529808774,-0.5642956395156493,-0.3366108648183685,-0.06338913518163153
1.5997750281214849,-0.4388230882904336,-0.2895586581089126,-0.1104413418910874
1.6077739032620921,-0.3133505370652214,-0.2425064513994581,-0.15749354860054196
1.6157727784026996,-0.2772778402699625,-0.3545556805399249,-0.2772778402699625
1.623771653543307,1.007086614173224,0.6472440944881968,0.15433070866142082
1.6317705286839146,0.5813412498695381,1.2697992647826246,0.43489963239131235
1.6397694038245219,0.441154778333122,1.3522618950981635,0.47613094754908175
1.6477682789651293,0.3009683067967021,1.4347245254137047,0.5173622627068524
1.6557671541057368,0.16078183526028222,1.5171871557292458,0.5585935778646229
1.6637660292463443,0.02059536372386228,1.599649786044787,0.5998248930223935
1.6717649043869516,-0.11959110781255367,1.6821124163603258,0.6410562081801628
1.679763779527559,-0.2597775793489736,1.764575046675867,0.6822875233379334
1.6877626546681666,-0.39996405088539344,1.847037676991408,0.723518838495704
1.6957615298087738,-0.5401505224218095,1.9295003073069468,0.7647501536534733
1.7037604049493813,-0.6803369939582296,2.0119629376224877,0.8059814688112439
1.7117592800899888,-0.8205234654946494,2.0944255679380293,0.8472127839690144
1.7197581552305963,-0.9607099370310692,2.17688819825357,0.888444099126785
1.7277570303712035,1.134235972796982,-1.5151763139699272,1.0507662459623819
1.735755905511811,0.9434371162320326,-1.5592068193310693,0.617799609911151
1.7437547806524185,0.7526382596670834,-1.6032373246922116,0.18483297385991992
1.7517536557930258,0.5618394031021395,-1.6472678300533525,-0.24813366219129884
1.7597525309336333,0.3710405465371902,-1.6912983354144946,-0.6811002982425298
1.7677514060742407,0.180241689972241,-1.7353288407756366,-1.114066934293761
1.7757502812148482,-0.010557166592708223,-1.779359346136779,-1.5470335703449918
1.7837491563554555,-0.2013560231576521,-1.8233898514979199,-1.980000206396211
1.791748031496063,-0.3921548797226013,-1.867420356859062,-2.4129668424474415
1.7997469066366705,-0.5829537362875505,-1.911450862220204,-2.8459334784986723
1.8077457817772777,-0.7737525928524944,-1.955481367581345,-3.2789001145498915
1.8157446569178852,-0.9645514494174436,-1.9995118729424872,-3.7118667506011223
1.8237435320584927,-1.1553503059823929,-2.0435423783036293,-4.144833386652353
1.8317424071991002,-1.346149162547342,-2.0875728836647713,-4.577800022703585
1.8397412823397075,1.3811023622048122,-0.34825646794148224,-0.27761529808777663
1.847740157480315,0.47213515786254917,-0.6888540631450196,-1.0
1.8557390326209224,0.4333056668887264,-0.6733222667554906,-1.0
1.8637379077615297,0.39447617591490475,-0.6577904703659618,-1.0
1.8717367829021372,0.355646684941082,-0.6422586739764328,-1.0
1.8797356580427447,0.31681719396725927,-0.6267268775869037,-1.0
1.8877345331833522,0.2779877029934365,-0.6111950811973745,-1.0
1.8957334083239594,0.2391582120196148,-0.5956632848078459,-1.0
1.903732283464567,0.20032872104579208,-0.5801314884183169,-1.0
1.9117311586051744,0.1614992300719693,-0.5645996920287877,-1.0
1.9197300337457817,0.12266973909814766,-0.5490678956392591,-1.0
1.9277289088863891,0.08384024812432489,-0.5335360992497299,-1.0
1.9357277840269966,0.04501075715050212,-0.5180043028602008,-1.0
1.9437266591676041,0.006181266176679356,-0.5024725064706717,-1.0
1.9517255343082114,-0.16613150628898737,0.23707945597708846,-0.36452602515594945
1.9597244094488189,-0.317322834645663,1.4244094488188765,0.334645669291326
1.9677232845894264,1.293252450586534,1.8626225293266938,4.485973003374582
1.9757221597300338,1.2818254860999518,1.2912743049975863,3.4461192350956065
1.983721034870641,1.27039852161337,0.7199260806684946,2.40626546681666
1.9917199100112486,1.2589715571267877,0.14857785633938736,1.3664116985376844
1.999718785151856,1.2475445926402056,-0.42277036798972034,0.3265579302587085
2.0077176602924633,1.2361176281536237,-0.9941185923188116,-0.7132958380202377
2.015716535433071,1.2246906636670412,-1.5654668166479353,-1.7531496062992424
2.0237154105736783,1.2132636991804595,-2.1368150409770266,-2.7930033745781886
2.0317142857142856,1.2018367346938776,-2.7081632653061183,-3.8328571428571347
2.0397131608548933,-0.5056477830381103,-0.49811740565396323,-0.4037651886920736
2.0477120359955006,-0.5320177010840683,-0.4893274329719772,-0.42134513405604557
2.055710911136108,-0.5583876191300263,-0.4805374602899912,-0.4389250794200175
2.0637097862767155,-0.5847575371759857,-0.4717474876080048,-0.45650502478399047
2.071708661417323,-0.6111274552219437,-0.4629575149260188,-0.47408497014796247
2.07970753655793,-0.6374973732679017,-0.4541675422440328,-0.4916649155119344
2.0877064116985378,-0.663867291313861,-0.4453775695620463,-0.5092448608759074
2.095705286839145,-0.690237209359819,-0.4365875968800603,-0.5268248062398793
2.1037041619797527,-0.7166071274057785,-0.4277976241980739,-0.5444047516038523
2.11170303712036,-0.7429770454517364,-0.4190076515160879,-0.5619846969678243
2.1197019122609673,-0.7693469634976944,-0.4102176788341019,-0.5795646423317962
2.127700787401575,-0.7957168815436538,-0.4014277061521154,-0.5971445876957692
2.1356996625421822,-0.1029459475460314,0.7081013557515863,0.005155408205554924
2.1436985376827895,-0.13662542182227244,0.8007199100112492,0.06409448818897676
2.151697412823397,-0.17030489609851535,0.8933384642709172,0.12303356817240185
2.1596962879640045,-0.20398437037475642,0.98595701853058,0.18197264815582367
2.1676951631046117,-0.23766384465099746,1.0785755727902429,0.2409117281392455
2.1756940382452195,-0.2713433189272404,1.1711941270499109,0.2998508081226706
2.1836929133858267,-0.3050227932034814,1.2638126813095738,0.3587898881060924
2.191691788526434,-0.33870226747972243,1.3564312355692367,0.41772896808951426
2.1996906636670417,-0.3723817417559654,1.4490497898289048,0.47666804807293933
2.207689538807649,-0.40606121603220646,1.5416683440885677,0.5356071280563611
2.2156884139482567,-0.4397406903084493,1.6342868983482357,0.5945462080397863
2.223687289088864,-0.4734201645846904,1.7269054526078986,0.6534852880232082
2.231686164229471,-0.24521934758163244,2.7401574803149353,2.6723284589424865
2.239685039370079,0.6069529044718466,0.6443767642252272,0.365235477640767
2.247683914510686,0.6220451217182754,0.5236390262537967,0.28977439140862293
2.2556827896512934,0.6371373389647043,0.40290128828236604,0.21431330517647887
2.263681664791901,0.6522295562111339,0.28216355031092877,0.13885221894433059
2.2716805399325084,0.6673217734575627,0.16142581233949826,0.0633911327121865
2.2796794150731157,0.6824139907039916,0.04068807436806765,-0.012069953519957599
2.2876782902137234,0.6975062079504212,-0.08004966360336963,-0.08753103975210591
2.2956771653543306,0.71259842519685,-0.20078740157480013,-0.16299212598424995
2.3036760404949383,0.7276906424432796,-0.3215251395462375,-0.23845321221639826
2.3116749156355456,0.7427828596897085,-0.442262877517668,-0.31391429844854235
2.319673790776153,0.7578750769361373,-0.5630006154890985,-0.38937538468068644
2.3276726659167606,0.7729672941825669,-0.6837383534605359,-0.46483647091283475
2.335671541057368,0.7880595114289959,-0.8044760914319664,-0.5402975571449788
2.343670416197975,0.6663667041619985,-0.8888638920134999,-0.5888638920134999
2.351669291338583,0.026456692913387037,-0.8355380577427823,-0.5355380577427823
2.35966816647919,-1.2334083239595013,-0.7,-0.6
2.3676670416197974,-0.14768884658648687,-0.3825629488621623,-0.28256294886216227
2.375665916760405,-0.07385307605780025,-0.3579510253526001,-0.25795102535260006
2.3836647919010123,-1.7305529117744856e-05,-0.3333391018430393,-0.23333910184303924
2.3916636670416196,0.07381846499956474,-0.3087271783334784,-0.20872717833347842
2.3996625421822273,0.14765423552825135,-0.2841152548239162,-0.18411525482391622
2.4076614173228346,0.22149000605693386,-0.2595033313143554,-0.15950333131435537
2.4156602924634423,0.2953257765856205,-0.2348914078047932,-0.13489140780479317
2.4236591676040495,0.369161547114303,-0.21027948429523236,-0.11027948429523235
2.431658042744657,-0.16580427446567647,1.2052868391450824,0.5789651293588117
2.4396569178852645,-0.5144899990949301,3.052631783096048,3.825926069586108
2.4476557930258718,-0.25705493709837507,2.307908925177442,3.301861836235978
2.455654668166479,0.00038012489818006756,1.5631860672588362,2.7777976028858475
2.4636535433070867,0.25781518689474936,0.8184632093401891,2.2537333695356887
2.471652418447694,0.5152502488913046,0.0737403514215833,1.7296691361855587
2.4796512935883013,0.7726853108878596,-0.6709825064970225,1.2056049028354288
2.487650168728909,1.0301203728844288,-1.4157053644156692,0.6815406694852695
2.4956490438695162,1.287555434880984,-2.160428222334275,0.1574764361351395
2.5036479190101235,1.544990496877539,-2.905151080252881,-0.3665877972149909
2.511646794150731,1.8024255588741083,-3.6498739381715284,-0.8906520305651497
2.5196456692913385,2.0598606208706634,-4.394596796090133,-1.4147162639152793
2.527644544431946,0.17109111361077395,-0.435545556805387,0.003318335208080475
2.5356434195725535,-0.6310646948947908,-0.11553234744739539,-0.0051774491491317935
2.5436422947131607,-0.6750952002559316,-0.13754760012796585,-0.012515866709321945
2.5516411698537684,-0.719125705617075,-0.15956285280853752,-0.019854284269512506
2.5596400449943757,-0.763156210978216,-0.181578105489108,-0.027192701829702657
2.567638920134983,-0.8071867163393568,-0.20359335816967844,-0.03453111938989281
2.5756377952755907,-0.8512172217005002,-0.22560861085025014,-0.04186953695008337
2.583636670416198,-0.895247727061641,-0.24762386353082058,-0.04920795451027352
2.591635545556805,-0.939278232422782,-0.26963911621139103,-0.056546372070463674
2.599634420697413,-0.9833087377839254,-0.2916543688919627,-0.06388478963065423
2.60763329583802,-1.0273392431450663,-0.3136696215725332,-0.07122320719084438
2.615632170978628,-1.0713697485062097,-0.3356848742531049,-0.07856162475103494
2.623631046119235,-1.1154002538673504,-0.35770012693367537,-0.0859000423112251
2.6316299212598424,-1.1594307592284916,-0.37971537961424584,-0.09323845987141526
2.63962879640045,-1.1580802399699799,-0.4,-0.1628796400450303
2.6476276715410574,-0.25035620547430193,1.0131233595800282,0.5503562054743019
2.6556265466816646,-0.35580400010974045,1.1651046667946974,0.637202666739827
2.6636254218222724,-0.41433235479711406,1.2333877472632997,0.6762215698647427
2.6716242969628796,-0.4728607094844844,1.3016708277318985,0.7152404729896562
2.679623172103487,-0.5313890641718547,1.3699539082004972,0.7542593761145697
2.6876220472440946,-0.5899174188592283,1.4382369886690998,0.7932782792394855
2.695620922384702,-0.6484457735465987,1.5065200691376983,0.8322971823643991
2.703619797525309,-0.706974128233969,1.574803149606297,0.8713160854893126
2.711618672665917,-0.7655024829213426,1.6430862300748996,0.9103349886142283
2.719617547806524,-0.8240308376087129,1.7113693105434984,0.9493538917391419
2.727616422947132,-0.8825591922960865,1.779652391012101,0.9883727948640576
2.735615298087739,0.4307086614172899,-0.6385826771654202,-1.2388076490440576
2.7436141732283463,0.6826950608446678,-0.13460987831066434,0.2480851825340035
2.751613048368954,0.6645157991614684,-0.17096840167706318,0.19354739748440525
2.7596119235095613,0.64633653747827,-0.20732692504345998,0.13900961243481005
2.7676107986501686,0.6281572757950715,-0.2436854484098568,0.08447182738521486
2.7756096737907763,0.6099780141118721,-0.2800439717762556,0.02993404233561664
2.7836085489313835,0.5917987524286737,-0.3164024951426524,-0.024603742713978582
2.791607424071991,0.5736194907454754,-0.3527610185090493,-0.0791415277635738
2.7996062992125985,0.555440229062276,-0.38911954187544806,-0.13367931281317202
2.807605174353206,0.5372609673790776,-0.42547806524184484,-0.18821709786276725
2.815604049493813,0.5190817056958792,-0.4618365886082417,-0.2427548829123624
2.8236029246344208,0.5009024440126797,-0.4981951119746405,-0.2972926679619607
2.831601799775028,-0.13031496062992898,-0.1800899887514083,-0.009955005624295854
2.8396006749156357,-0.4806415327116351,-0.0806415327116351,-0.3845132261693081
2.847599550056243,-0.43763682765460676,-0.03763682765460679,-0.35010946212368543
2.8555984251968503,-0.39463212259757846,0.00536787740242152,-0.3157056980780628
2.863597300337458,-0.35162741754054777,0.048372582459452224,-0.2813019340324382
2.8715961754780652,-0.30862271248351947,0.09137728751648055,-0.24689816998681557
2.8795950506186725,-0.2656180074264911,0.13438199257350886,-0.21249440594119293
2.88759392575928,-0.22261330236946042,0.17738669763053957,-0.17809064189556836
2.8955928008998875,-0.17960859731243212,0.22039140268756788,-0.14368687784994572
2.9035916760404947,-0.1366038922554038,0.2633961077445962,-0.10928311380432304
2.9115905511811024,-0.09359918719837312,0.3064008128016269,-0.07487934975869848
2.9195894263217097,-0.050594482141344765,0.34940551785865526,-0.0404755857130758
2.9275883014623174,-0.0075897770843140755,0.39241022291568595,-0.006071821667451238
2.9355871766029247,0.995302587176603,-1.4958897637795276,-2.6982384701912263
2.943586051743532,0.9313115860517449,-1.4398976377952768,-2.6742418447694045
2.9515849268841396,0.8673205849268834,-1.3839055118110228,-2.6502452193475814
2.959583802024747,0.8033295838020253,-1.3279133858267722,-2.6262485939257596
2.967582677165354,0.7393385826771672,-1.2719212598425214,-2.602251968503938
2.975581552305962,0.6753475815523056,-1.2159291338582674,-2.5782553430821147
2.983580427446569,0.6113565804274474,-1.1599370078740165,-2.554258717660293
2.9915793025871764,0.5473655793025894,-1.103944881889766,-2.530262092238471
2.999578177727784,0.4833745781777279,-1.047952755905512,-2.506265466816648
3.0075770528683914,0.41938357705286977,-0.9919606299212611,-2.482268841394826
3.0155759280089987,0.35539257592801177,-0.9359685039370104,-2.4582722159730044
3.0235748031496064,0.2914015748031501,-0.8799763779527564,-2.4342755905511813
3.0315736782902136,0.22741057367829198,-0.8239842519685056,-2.4102789651293595
3.0395725534308213,0.014116985376788571,-0.29647075365580283,-0.06431383577053523
3.0475714285714286,-0.5363636363636294,0.08441558441558741,-0.005194805194804199
3.055570303712036,-1.0453829634931975,-0.133735555782799,-0.07791185192759965
3.0635691788526436,-1.1853442661772533,-0.20977048921516445,-0.11954097843032886
3.071568053993251,-1.1642945947546026,-0.22380360349693154,-0.14760720699386304
3.079566929133858,-1.1432449233319522,-0.23783671777869864,-0.17567343555739723
3.087565804274466,-1.1221952519093001,-0.2518698320604665,-0.20373966412093297
3.095564679415073,-1.1011455804866497,-0.2659029463422336,-0.23180589268446716
3.1035635545556803,-1.080095909063999,-0.27993606062400067,-0.2598721212480013
3.111562429696288,-1.0590462376413472,-0.29396917490576857,-0.2879383498115371
3.1195613048368953,-1.0379965662186965,-0.30800228918753564,-0.31600457837507123
3.127560179977503,-1.0169468947960447,-0.3220354034693035,-0.34407080693860703
3.1355590551181103,-0.9958972233733941,-0.3360685177510706,-0.37213703550214117
3.1435579302587175,-0.9748475519507436,-0.35010163203283773,-0.4002032640656754
3.1515568053993253,-0.9537978805280917,-0.3641347463146055,-0.4282694926292111
3.1595556805399325,-0.9327482091054411,-0.37816786059637264,-0.45633572119274524
3.16755455568054,-0.9116985376827904,-0.39220097487813976,-0.4844019497562795
3.1755534308211475,-0.14465691788524976,-0.14465691788524976,-0.3705474315710415
3.1835523059617548,-0.7987004565605766,1.5025990868788468,0.7097465757956751
3.191551181102362,-0.7798795738767949,1.5402408522464104,0.8509031959240387
3.1995500562429697,-0.7610586911930121,1.577882617613976,0.9920598160524101
3.207548931383577,-0.7422378085092302,1.6155243829815396,1.1332164361807737
3.2155478065241843,-0.7234169258254484,1.6531661483491034,1.274373056309137
3.223546681664792,-0.7045960431416656,1.690807913716669,1.4155296764375085
3.2315455568053992,-0.6857751604578837,1.7284496790842325,1.5566862965658723
3.239544431946007,-0.6669542777741009,1.7660914444517983,1.6978429166942437
3.247543307086614,-0.648133395090319,1.803733209819362,1.838999536822607
3.2555421822272215,-0.6293125124065373,1.8413749751869255,1.9801561569509707
3.263541057367829,-0.6104916297227544,1.879016740554491,2.121312777079342
3.2715399325084364,0.5779527559056168,-1.106074240719745,-1.5402699662536188
3.2795388076490437,-0.02967218383416258,-0.7604370882211166,-0.30989072794472083
3.2875376827896514,-0.0725233006588467,-0.7033022657882044,-0.3241744335529489
3.2955365579302587,-0.11537441748352843,-0.6461674433552955,-0.3384581391611762
3.303535433070866,-0.15822553430821015,-0.5890326209223865,-0.3527418447694034
3.3115343082114737,-0.20107665113289427,-0.5318977984894744,-0.3670255503776314
3.319533183352081,-0.243927767957576,-0.4747629760565653,-0.3813092559858587
3.3275320584926886,-0.2867788847822601,-0.4176281536236532,-0.39559296159408674
3.335530933633296,-0.48436445444320064,-0.5843644544432006,-0.6765466816648009
3.343529808773903,1.0879532915528431,0.4216840752048826,-0.09036263324227442
3.351528683914511,1.0498634099309017,0.49024586212437726,-0.05989072794472124
3.359527559055118,1.0117735283089622,0.558807649043868,-0.02941882264716976
3.3675264341957254,0.9736836466870229,0.6273694359633589,0.0010530826503817314
3.375525309336333,0.9355937650650814,0.6959312228828536,0.0315249879479349
3.3835241844769404,0.897503883443142,0.7644930098023444,0.061996893245486406
3.3915230596175476,0.8594140018212026,0.8330547967218354,0.09246879854303788
3.3995219347581553,0.8213241201992612,0.9016165836413299,0.12294070384059108
3.4075208098987626,0.7832342385773219,0.9701783705608208,0.15341260913814256
3.41551968503937,0.7451443569553824,1.0387401574803117,0.18388451443569406
3.4235185601799776,0.7070544753334409,1.1073019443998064,0.21435641973324723
3.431517435320585,0.6689645937115016,1.1758637313192972,0.24482832503079874
3.4395163104611925,0.6308747120895601,1.2444255182387918,0.27530023032835194
3.4475151856018,-0.2333520809898939,1.9818335208099134,0.7545556805399422
3.455514060742407,0.5531956232743327,-0.5595868698229975,0.6925861540035485
3.463512935883015,1.6045494313210682,-3.043532058492581,-2.33960754905638
3.471511811023622,1.1026065707303827,0.18436057561770489,-2.629622590279672
3.4795106861642293,1.1163977347659124,0.10161359140452604,-2.2572611613203675
3.487509561304837,1.130188898801443,0.018866607191342588,-1.884899732361042
3.4955084364454443,1.1439800628369727,-0.06388037702183624,-1.512538303401737
3.5035073115860516,1.1577712268725024,-0.14662736123501513,-1.1401768744424323
3.5115061867266593,1.171562390908033,-0.22937434544819857,-0.7678154454831068
3.5195050618672665,1.1853535549435628,-0.31212132966137746,-0.39545401652380185
3.527503937007874,1.1991447189790927,-0.3948683138745563,-0.02309258756449717
3.5355028121484815,-0.9259842519685333,-0.30056242969630464,-0.024859392575923844
3.5435016872890888,-1.374704886027177,-0.5936762215067943,-0.5936762215067943
3.5515005624296965,-1.3379284485990959,-0.584482112149774,-0.584482112149774
3.5594994375703037,-1.3011520111710166,-0.5752880027927542,-0.5752880027927542
3.567498312710911,-1.2643755737429374,-0.5660938934357344,-0.5660938934357344
3.5754971878515187,-1.227599136314856,-0.556899784078714,-0.556899784078714
3.583496062992126,-1.1908226988867767,-0.5477056747216942,-0.5477056747216942
3.5914949381327332,-1.1540462614586975,-0.5385115653646744,-0.5385115653646744
3.599493813273341,-1.117269824030616,-0.529317456007654,-0.529317456007654
3.607492688413948,-1.0804933866025368,-0.5201233466506342,-0.5201233466506342
3.6154915635545555,-1.0437169491744576,-0.5109292372936144,-0.5109292372936144
3.623490438695163,-1.006940511746376,-0.501735127936594,-0.501735127936594
3.6314893138357704,-0.509928758905137,1.3139002624671918,0.9079430071241097
3.639488188976378,-0.5632545931758549,1.388556430446197,0.950603674540684
3.6474870641169854,-0.6165804274465699,1.4632125984251978,0.993264341957256
3.6554859392575927,-0.6699062617172848,1.5378687664041988,1.035925009373828
3.6634848143982004,-0.7232320959880028,1.612524934383204,1.0785856767904023
3.6714836895388077,-0.7765579302587178,1.687181102362205,1.1212463442069742
3.679482564679415,-0.8298837645294328,1.761837270341206,1.1639070116235462
3.6874814398200226,-0.8832095988001507,1.836493438320211,1.2065676790401205
3.69548031496063,-0.9365354330708657,1.911149606299212,1.2492283464566927
3.703479190101237,-0.9898612673415806,1.985805774278213,1.2918890138732646
3.711478065241845,0.2956130483689481,-0.46951631046118514,-0.38683914510684414
3.719476940382452,0.32523059617548034,-0.5813076490438701,-0.6376921634795669
3.7274758155230594,0.24524184476940744,-0.5613104611923518,-0.5710348706411729
3.735474690663667,0.1652530933633301,-0.5413132733408326,-0.504377577802775
3.7434735658042744,0.08526434195725724,-0.5213160854893143,-0.43772028496438103
3.751472440944882,0.005275590551179932,-0.5013188976377949,-0.37106299212598326
3.7594713160854893,-0.07471316085489299,-0.48132170978627675,-0.3044056992875892
3.7674701912260966,-0.15470191226096586,-0.46132452193475854,-0.23774840644919515
3.7754690663667043,-0.23469066366704316,-0.4413273340832392,-0.17109111361079732
3.7834679415073116,-0.31467941507311603,-0.421330146231721,-0.10443382077240326
3.791466816647919,-0.394668166479189,-0.4013329583802028,-0.03777652793400921
3.7994656917885266,-0.4746569178852663,-0.38133577052868345,0.028880764904388512
3.807464566929134,-0.5546456692913392,-0.36133858267716523,0.09553805774278257
3.815463442069741,-0.634634420697412,-0.341341394825647,0.16219535058117662
3.823462317210349,-0.7146231721034894,-0.3213442069741277,0.22885264341957434
3.831461192350956,-0.7946119235095622,-0.30134701912260947,0.2955099362579684
3.8394600674915633,-1.023802024746899,-0.150798650168734,0.150798650168734
3.847458942632171,-0.9113304018815747,-0.16855506698026246,-0.03144493301973756
3.8554578177727783,-0.4968207099112617,-0.09809242594675703,-0.09936414198225235
3.863456692913386,-0.4412729658792638,-0.06476377952755827,-0.08825459317585277
3.8714555680539933,-0.38572522184726893,-0.031435133108361366,-0.0771450443694538
3.8794544431946005,-0.33017747781527407,0.0018935133108355373,-0.06603549556305482
3.8874533183352082,-0.27462973378327615,0.035222159730034314,-0.05492594675665524
3.8954521934758155,-0.21908198975128135,0.0685508061492312,-0.04381639795025627
3.9034510686164228,-0.1635342457192865,0.10187945256842812,-0.0327068491438573
3.9114499437570305,-0.10798650168728857,0.13520809898762687,-0.021597300337457714
3.9194488188976377,-0.05243875765529371,0.1685367454068238,-0.010487751531058742
3.927447694038245,0.04476940382450106,0.4686164229470064,0.17907761529800423
3.9354465691788527,-0.2436878082547463,1.2009691096305373,0.5718439041273731
3.94344544431946,0.14634420697394124,0.7291338582681297,1.9563554555679752
3.9514443194600677,0.2873779666430589,-2.238686830812814,-4.303438459081502
3.959443194600675,0.4157549750725583,-2.0016831229429695,-3.720804343901466
3.967442069741282,0.5441319835020577,-1.7646794150731242,-3.138170228721431
3.97544094488189,0.6725089919315641,-1.527675707203266,-2.5555361135413626
3.983439820022497,0.8008860003610636,-1.290671999333421,-1.9729019983613272
3.9914386951631045,0.9292630087905629,-1.0536682914635762,-1.3902678831812914
3.999437570303712,1.0576400172200693,-0.8166645835937181,-0.8076337680012231
4.00743644544432,1.186017025649576,-0.5796608757238597,-0.22499965282115575
4.015435320584927,1.314394034079068,-0.342657167854028,0.3576344623588481
4.023434195725534,1.4427710425085745,-0.10565345998416964,0.9402685775389159
4.031433070866142,1.6732283464568076,-0.48503937007869713,0.7149606299213029
4.039431946006749,2.31733599789388,-0.8288933298231336,1.1057786659646267
4.047430821147357,2.342864322810713,-0.8714405380178553,1.114288107603571
4.055429696287964,2.368392647727546,-0.9139877462125771,1.1227975492425155
4.063428571428571,2.393920972644376,-0.956534954407294,1.1313069908814588
4.071427446569179,2.419449297561209,-0.9990821626020158,1.1398164325204032
4.079426321709787,2.444977622478042,-1.0416293707967375,1.1483258741593474
4.087425196850393,2.4705059473948725,-1.0841765789914544,1.156835315798291
4.095424071991001,2.4960342723117055,-1.1267237871861762,1.1653447574372353
4.103422947131609,2.521562597228539,-1.169270995380898,1.1738541990761795
4.111421822272216,2.547090922145369,-1.2118182035756149,1.182363640715123
4.119420697412823,2.572619247062202,-1.2543654117703367,1.1908730823540672
4.127419572553431,2.598147571979035,-1.2969126199650582,1.1993825239930116
4.135418447694038,2.0054555680539905,-1.8934533183352114,1.9076377952755867
4.143417322834646,2.0362204724409434,-1.8565354330708679,1.9507086614173206
4.151416197975253,2.066985376827896,-1.8196175478065246,1.9937795275590544
4.15941507311586,2.097750281214845,-1.7826996625421856,2.0368503937007834
4.167413948256468,2.128515185601798,-1.7457817772778421,2.0799212598425174
4.1754128233970755,2.159280089988751,-1.7088638920134989,2.122992125984251
4.183411698537682,2.1900449943757003,-1.6719460067491596,2.16606299212598
4.19141057367829,2.220809898762653,-1.6350281214848164,2.2091338582677142
4.199409448818898,2.2515748031496057,-1.598110236220473,2.252204724409448
4.2074083239595055,2.2823397075365586,-1.5611923509561298,2.295275590551182
4.215407199100112,2.313104611923508,-1.5242744656917906,2.338346456692911
4.22340607424072,2.3438695163104604,-1.4873565804274473,2.3814173228346447
4.231404949381328,2.3746344206974133,-1.450438695163104,2.4244881889763787
4.2394038245219345,2.4053993250843626,-1.4135208098987648,2.467559055118108
4.247402699662542,2.4361642294713155,-1.3766029246344216,2.5106299212598415
4.25540157480315,2.466929133858268,-1.339685039370078,2.5537007874015756
4.263400449943757,2.4976940382452173,-1.302767154105739,2.5967716535433043
4.2713993250843645,2.0800337457817717,-0.6933445819272573,2.9
4.279398200224972,1.8530933633296351,-0.6734533183351824,3.0398200224972265
4.287397075365579,2.2,-0.47574348150301593,3.3
4.295395950506187,2.2,-0.43979348087107134,3.3
4.303394825646794,2.2,-0.40384348023912675,3.3
4.311393700787401,2.2,-0.3678934796071861,3.3
4.319392575928009,2.2,-0.33194347897524157,3.3
4.327391451068617,2.2,-0.2959934783432969,3.3
4.3353903262092235,2.2,-0.2600434777113564,3.3
4.343389201349831,2.2,-0.2240934770794118,3.3
4.351388076490439,2.2,-0.1881434764474672,3.3
4.359386951631046,2.2,-0.15219347581552656,3.3
4.367385826771653,2.2,-0.11624347518358197,3.3
4.375384701912261,0.7968953880765455,0.1630821147356478,3.124611923509568
4.383383577052868,-5.248315389147781,-0.7043923081043437,3.002196154052172
4.391382452193476,-5.527641187708682,-0.7297855625189711,3.0148927812594857
4.399381327334083,-5.806966986269584,-0.7551788169335985,3.0275894084667994
4.407380202474691,-6.086292784830485,-0.7805720713482259,3.040286035674113
4.415379077615298,-6.365618583391356,-0.8059653257628505,3.0529826628814254
4.423377952755906,-6.644944381952257,-0.8313585801774779,3.065679290088739
4.431376827896513,-6.924270180513159,-0.8567518345921054,3.0783759172960528
4.43937570303712,-7.203595979074029,-0.8821450890067299,3.091072544503365
4.447374578177728,-7.587964004499567,-1.6247469066365996,3.1
4.455373453318336,-0.5534696094022673,-1.7030616862547237,1.230204414103401
4.463372328458942,-0.44314029711803504,-1.4732089523292398,1.0647104456770526
4.47137120359955,-0.33281098483379046,-1.2433562184037301,0.8992164772506857
4.479370078740158,-0.22248167254954587,-1.0135034844782207,0.7337225088243189
4.487368953880765,-0.11215236026531356,-0.7836507505527366,0.5682285403979703
4.495367829021372,-0.0018230479810689149,-0.5537980166272272,0.40273457197160345
4.50336670416198,0.10850626430317556,-0.3239452827017175,0.23724060354523657
4.511365579302587,0.21883557658740793,-0.09409254877623341,0.07174663511888801
4.519364454443195,0.3291648888716525,0.135760185149276,-0.09374733330747875
4.527363329583802,0.439494201155897,0.36561291907478544,-0.2592413017338455
4.535362204724409,0.5498235134401294,0.5954656530002695,-0.4247352701601941
4.543361079865017,3.0444319460065943,0.35833520809901087,0.2833295838019783
4.5513599550056245,5.261323584552049,0.2893325834270807,0.7786651668541614
4.559358830146231,4.538833761851211,0.6886449461674439,0.6454202153302242
4.567357705286839,4.210308532861966,0.6743612405592159,0.7025550377631363
4.575356580427447,3.8817833038727207,0.6600775349509879,0.7596898601960486
4.583355455568054,3.5532580748835123,0.6457938293427614,0.8168246826289544
4.591354330708661,3.2247328458942675,0.6315101237345333,0.8739595050618665
4.599353205849269,2.8962076169050226,0.6172264181263053,0.9310943274947787
4.607352080989877,2.5676823879157777,0.6029427125180773,0.9882291499276907
4.6153509561304835,1.864904386951654,0.48452807035484613,0.5958482462419615
4.623349831271091,2.1475253093363436,0.28250843644544776,-0.28250843644544776
4.631348706411699,1.8532200580190603,0.19331715114558007,-0.2
4.639347581552306,1.7942809780356415,0.18489728257652022,-0.2
4.6473464566929135,1.7353418980522162,0.17647741400745945,-0.2
4.655345331833521,1.6764028180687907,0.16805754543839868,-0.2
4.663344206974128,1.6174637380853718,0.15963767686933886,-0.2
4.671343082114736,1.5585246581019465,0.1512178083002781,-0.2
4.679341957255343,1.4995855781185212,0.14279793973121732,-0.2
4.68734083239595,1.4406464981351024,0.1343780711621575,-0.2
4.695339707536558,1.3817074181516769,0.1259582025930967,-0.2
4.703338582677166,1.3227683381682516,0.11753833402403595,-0.2
4.7113374578177725,1.2638292581848327,0.10911846545497612,-0.2
4.71933633295838,1.2048901782014074,0.10069859688591534,-0.2
4.727335208098988,-1.0238630885425049,-0.3,-0.22386308854250492
4.735334083239595,-1.0841561883972448,-0.3,-0.3
4.743332958380202,-1.0603971533261327,-0.3,-0.3
4.75133183352081,-1.0366381182550208,-0.3,-0.3
4.759330708661417,-1.0128790831839114,-0.3,-0.3
4.767329583802025,-0.9891200481127994,-0.3,-0.3
4.775328458942632,-0.9653610130416874,-0.3,-0.3
4.783327334083239,-0.941601977970578,-0.3,-0.3
4.791326209223847,-0.917842942899466,-0.3,-0.3
4.799325084364455,-0.894083907828354,-0.3,-0.3
4.807323959505061,-0.8703248727572446,-0.3,-0.3
4.815322834645669,-0.8465658376861326,-0.3,-0.3
4.823321709786277,-0.8228068026150206,-0.3,-0.3
4.8313205849268845,-0.8,-0.23588301462313693,-0.23588301462313693
4.839319460067491,-0.8562429696290562,-0.1,-0.3
4.847318335208099,0.8157970352715825,0.10526567842386084,-0.1
4.855317210348707,0.8395560703426945,0.11318535678089817,-0.1
4.863316085489314,0.863315105413804,0.12110503513793462,-0.1
4.871314960629921,0.887074140484916,0.12902471349497197,-0.1
4.879313835770529,0.9108331755560279,0.1369443918520093,-0.1
4.887312710911136,0.9345922106271374,0.14486407020904576,-0.1
4.8953115860517435,0.9583512456982494,0.1527837485660831,-0.1
4.903310461192351,0.9821102807693614,0.16070342692312042,-0.1
4.911309336332958,1.0058693158404708,0.1686231052801569,-0.1
4.919308211473566,1.0296283509115827,0.17654278363719422,-0.1
4.9273070866141735,1.0533873859826948,0.18446246199423155,-0.1
4.93530596175478,1.0771464210538042,0.19238214035126802,-0.1
4.943304836895388,1.1,0.23048368953883033,-0.1
4.951303712035996,1.87679040119986,0.37679040119985996,0.0
4.9593025871766026,1.8615653306494597,0.390391332662365,-0.00960866733763504
4.96730146231721,1.819465987804156,0.37986649695103897,-0.020133503048961023
4.975300337457818,1.7773666449588519,0.369341661239713,-0.030658338760287007
4.983299212598425,1.7352673021135527,0.3588168255283882,-0.04118317447161182
4.9912980877390325,1.6931679592682487,0.3482919898170622,-0.05170801018293781
4.99929696287964,1.6510686164229447,0.3377671541057362,-0.06223284589426379
5.007295838020247,1.6089692735776455,0.32724231839441137,-0.07275768160558861
5.015294713160855,1.5668699307323415,0.3167174826830854,-0.08328251731691459
5.023293588301462,1.5247705878870377,0.3061926469717594,-0.09380735302824057
5.03129246344207,0.6061304836894934,0.2,-0.1
5.039291338582677,0.4907713148759638,0.19538565743798192,-0.009228685124036195
5.047290213723285,0.4735694328531515,0.18678471642657576,-0.026430567146848476
5.055289088863892,0.45636755083033925,0.17818377541516964,-0.04363244916966076
5.063287964004499,0.4391656688075289,0.16958283440376445,-0.060834331192471135
5.071286839145107,0.4219637867847166,0.1609818933923583,-0.07803621321528341
5.079285714285715,0.4047619047619043,0.15238095238095217,-0.09523809523809569
5.0872845894263214,0.38756002273909396,0.143780011369547,-0.11243997726090607
5.095283464566929,0.37035814071628165,0.13517907035814083,-0.12964185928371835
5.103282339707537,0.35315625869346934,0.12657812934673468,-0.14684374130653063
5.111281214848144,0.33595437667065897,0.11797718833532951,-0.164045623329341
5.119280089988751,0.3187524946478467,0.10937624732392337,-0.18124750535215328
5.127278965129359,0.30155061262503446,0.10077530631251723,-0.19844938737496556
5.135277840269966,-1.1011831854351535,-0.2,-0.29881681456484666
5.143276715410574,-1.1085895513060864,-0.2,-0.2914104486939136
5.151275590551181,-1.1159959171770195,-0.2,-0.2840040828229805
5.159274465691788,-1.1234022830479518,-0.2,-0.2765977169520482
5.167273340832396,-1.1308086489188849,-0.2,-0.26919135108111514
5.175272215973004,-1.138215014789818,-0.2,-0.26178498521018206
5.18327109111361,-1.1456213806607503,-0.2,-0.2543786193392498
5.191269966254218,-1.1530277465316834,-0.2,-0.24697225346831672
5.199268841394826,-1.1604341124026163,-0.2,-0.23956588759738362
5.207267716535433,-1.1678404782735488,-0.2,-0.23215952172645138
5.21526659167604,-1.1752468441444817,-0.2,-0.22475315585551828
5.223265466816648,-1.1826532100154148,-0.2,-0.21734678998458518
5.231264341957256,-1.190059575886348,-0.2,-0.2099404241136521
5.239263217097863,-1.1974659417572802,-0.2,-0.20253405824271986
5.24726209223847,-1.3737907761529569,-0.2,0.0
5.255260967379078,-1.1791301087364057,-0.19304336957880192,0.006956630421198089
5.263259842519685,-1.1524671916010498,-0.1841557305336833,0.015844269466316705
5.2712587176602925,-1.125804274465691,-0.1752680914885637,0.02473190851143631
5.2792575928009,-1.0991413573303324,-0.1663804524434441,0.03361954755655591
5.287256467941507,-1.0724784401949763,-0.1574928133983255,0.04250718660167453
5.295255343082115,-1.0458155230596176,-0.1486051743532059,0.05139482564679413
5.3032542182227225,-1.0191526059242588,-0.13971753530808628,0.060282464691913736
5.311253093363329,-0.992489688788903,-0.13082989626296765,0.06917010373703235
5.319251968503937,-0.9658267716535441,-0.12194225721784806,0.07805774278215195
5.327250843644545,-0.9391638545181853,-0.11305461817272845,0.08694538182727156
5.3352497187851515,-0.9125009373828294,-0.10416697912760983,0.09583302087239018
5.343248593925759,-0.27514060742407065,0.0,0.1
5.351247469066367,-0.09199042427388825,0.0,0.09199042427388825
5.359246344206974,-0.08173545614490518,0.0,0.08173545614490518
5.3672452193475815,-0.07148048801592098,0.0,0.07148048801592098
5.375244094488189,-0.06122551988693677,0.0,0.06122551988693677
5.383242969628796,-0.05097055175795371,0.0,0.05097055175795371
5.391241844769404,-0.04071558362896951,0.0,0.04071558362896951
5.399240719910011,-0.0304606154999853,0.0,0.0304606154999853
5.407239595050618,-0.020205647371002236,0.0,0.020205647371002236
5.415238470191226,-0.009950679242018035,0.0,0.009950679242018035
5.423237345331834,0.0,0.0,0.0
5.431236220472441,-0.04120734908138682,0.0,0.0
5.439235095613048,-0.1,0.0,0.0
5.447233970753656,-0.1,0.0,0.0
5.455232845894264,-0.1,0.0,0.0
5.46323172103487,-0.1,0.0,0.0
5.471230596175478,-0.1,0.0,0.0
5.479229471316086,-0.1,0.0,0.0
5.487228346456693,-0.1,0.0,0.0
5.4952272215973,-0.1,0.0,0.0
5.503226096737908,-0.1,0.0,0.0
5.511224971878515,-0.1,0.0,0.0
5.519223847019123,-0.1,0.0,0.0
5.52722272215973,-0.038863892013467474,0.0,0.0
5.535221597300337,0.0,0.0,0.0
5.543220472440945,0.0,0.0,0.0
5.5512193475815526,0.0,0.0,0.0
5.559218222722159,0.0,0.0,0.0
5.567217097862767,0.0,0.0,0.0
5.575215973003375,0.0,0.0,0.0
5.583214848143982,0.0,0.0,0.0
5.591213723284589,0.0,0.0,0.0
5.599212598425197,0.0,0.0,0.0
5.607211473565804,0.0,0.0,0.0
5.615210348706412,0.0,0.0,0.0
5.623209223847019,0.0,0.0,0.0
5.631208098987626,0.0,0.0,0.0
5.639206974128234,0.0,0.0,0.0
5.6472058492688415,0.0,0.0,0.0
5.655204724409449,0.0,0.0,0.0
5.663203599550056,0.0,0.0,0.0
5.671202474690664,0.0,0.0,0.0
5.6792013498312715,0.0,0.0,0.0
5.687200224971878,0.0,0.0,0.0
5.695199100112486,0.0,0.0,0.0
5.703197975253094,0.0,0.0,0.0
5.7111968503937005,0.0,0.0,0.0
5.719195725534308,0.0,0.0,0.0
5.727194600674916,0.0,0.0,0.0
5.735193475815523,0.0,0.0,0.0
5.7431923509561305,0.1,0.0,0.0
5.751191226096738,0.15159355080615233,0.0,0.0
5.759190101237345,0.20600027736258986,0.0,0.0030001386812949287
5.767188976377953,0.22791500377521362,0.0,0.0139575018876068
5.77518785151856,0.24982973018783736,0.0,0.02491486509391867
5.783186726659167,0.27174445660045865,0.0,0.03587222830022932
5.791185601799775,0.2936591830130824,0.0,0.046829591506541195
5.799184476940383,0.3155739094257061,0.0,0.05778695471285306
5.8071833520809895,0.33748863583832744,0.0,0.06874431791916372
5.815182227221597,0.35940336225095115,0.0,0.07970168112547558
5.823181102362205,0.3813180886635749,0.0,0.09065904433178745
5.831179977502812,0.5179977502811755,0.058998875140587714,0.1
5.839178852643419,0.3821147356580544,0.1,0.04105736782902722
5.847177727784027,0.283499476358558,0.091749738179279,0.0
5.855176602924635,0.2651112576445172,0.08255562882225861,0.0
5.863175478065242,0.2467230389304785,0.07336151946523925,0.0
5.871174353205849,0.22833482021643775,0.06416741010821887,0.0
5.879173228346457,0.20994660150239697,0.05497330075119849,0.0
5.887172103487064,0.19155838278835824,0.04577919139417913,0.0
5.895170978627672,0.17317016407431748,0.03658508203715874,0.0
5.903169853768279,0.15478194536027673,0.027390972680138362,0.0
5.911168728908886,0.136393726646238,0.018196863323118997,0.0
5.919167604049494,0.11800550793219725,0.00900275396609862,0.0
5.9271664791901015,0.06670416197962485,0.0,0.0
5.935165354330708,-0.2,-0.1,0.0
5.943164229471316,-0.204957416037281,-0.1,0.0
5.951163104611924,-0.2144798864427664,-0.1,0.0
5.959161979752531,-0.22400235684825076,-0.1,0.0
5.967160854893138,-0.23352482725373616,-0.1,0.0
5.975159730033746,-0.24304729765922156,-0.1,0.0
5.983158605174353,-0.2525697680647059,-0.1,0.0
5.9911574803149605,-0.2620922384701913,-0.1,0.0
5.999156355455568,-0.27161470887567674,-0.1,0.0
6.007155230596175,-0.28113717928116105,-0.1,0.0
6.015154105736783,-0.2906596496866465,-0.1,0.0
6.0231529808773905,-0.3,-0.1,0.0
6.031151856017997,-0.09793090767500252,0.0,0.0
6.039150731158605,-0.09023968157826434,0.0,0.0
6.047149606299213,-0.08254845548152617,0.0,0.0
6.05514848143982,-0.07485722938478799,0.0,0.0
6.063147356580427,-0.06716600328805067,0.0,0.0
6.071146231721035,-0.05947477719131249,0.0,0.0
6.079145106861643,-0.05178355109457432,0.0,0.0
6.0871439820022495,-0.044092324997836996,0.0,0.0
6.095142857142857,-0.03640109890109883,0.0,0.0
6.103141732283465,-0.028709872804360645,0.0,0.0
6.111140607424072,-0.021018646707623323,0.0,0.0
6.119139482564679,-0.013327420610885155,0.0,0.0
6.127138357705287,-0.005636194514146972,0.0,0.0
6.135137232845894,0.0,0.0,0.0
6.143136107986502,0.0,0.0,0.0
6.151134983127109,-0.001261092363454473,0.0,0.0
6.159133858267716,-0.010148731408573176,0.0,0.0
6.167132733408324,-0.01903637045369287,0.0,0.0
6.175131608548932,-0.027924009498812557,0.0,0.0
6.183130483689538,-0.036811648543931264,0.0,0.0
6.191129358830146,-0.04569928758905095,0.0,0.0
6.199128233970754,-0.05458692663417064,0.0,0.0
6.207127109111361,-0.06347456567928934,0.0,0.0
6.215125984251968,-0.07236220472440903,0.0,0.0
6.223124859392576,-0.08124984376952873,0.0,0.0
6.231123734533183,-0.09013748281464744,0.0,0.0
6.239122609673791,-0.09902512185976713,0.0,0.0
6.247121484814398,-0.1,0.0,0.0
6.255120359955006,0.1,0.0,0.0
6.263119235095613,0.1,0.0,0.0
6.271118110236221,0.1,0.0,0.0
6.279116985376828,0.1,0.0,0.0
6.287115860517435,0.1,0.0,0.0
6.295114735658043,0.1,0.0,0.0
6.3031136107986505,0.1,0.0,0.0
6.311112485939257,0.1,0.0,0.0
6.319111361079865,0.1,0.0,0.0
6.327110236220473,0.1,0.0,0.0
6.33510911136108,0.0,0.0,0.0
6.343107986501687,0.0,0.0,0.0
6.351106861642295,0.0,0.0,0.0
6.359105736782902,0.0,0.0,0.0
6.3671046119235095,0.0,0.0,0.0
6.375103487064117,0.0,0.0,0.0
6.383102362204724,0.0,0.0,0.0
6.391101237345332,0.0,0.0,0.0
6.3991001124859395,0.0,0.0,0.0
6.407098987626546,0.0,0.0,0.0
6.415097862767154,0.09021372328460772,0.1,-0.23532058492691157
6.423096737907762,0.0,0.1,-0.11867562607305616
6.4310956130483685,0.0,0.1,-0.13972529749570572
6.439094488188976,0.0,0.1,-0.1607749689183576
6.447093363329584,0.0,0.1,-0.18182464034100948
6.455092238470192,0.0,0.1,-0.20287431176366139
6.4630911136107985,0.0,0.1,-0.22392398318631096
6.471089988751406,0.0,0.1,-0.24497365460896284
6.479088863892014,0.0,0.1,-0.2660233260316147
6.487087739032621,0.0,0.1,-0.2870729974542643
6.495086614173228,0.0,0.1,-0.3081226688769162
6.503085489313836,0.0,0.1,-0.32917234029956804
6.511084364454443,0.0,0.1,-0.35022201172221756
6.519083239595051,0.0,0.1,-0.37127168314486947
6.527082114735658,0.0,0.1,-0.3923213545675214
6.535080989876265,0.14739984425023345,0.14739984425023345,-0.05780046724929966
6.543079865016873,0.27045946179804525,0.27045946179804525,0.3113783853941359
6.551078740157481,0.3845111133260221,0.1948370377753407,0.4896740755506814
6.559077615298087,0.35413563810852805,0.18471187936950936,0.4694237587390187
6.567076490438695,0.3237601628910307,0.1745867209636769,0.44917344192735376
6.575075365579303,0.2933846876735333,0.16446156255784444,0.42892312511568886
6.58307424071991,0.26300921245603925,0.1543364041520131,0.4086728083040262
6.591073115860517,0.2326337372385419,0.14421124574618063,0.38842249149236124
6.599071991001125,0.2022582620210445,0.13408608734034816,0.3681721746806963
6.607070866141732,0.17188278680355046,0.12396092893451684,0.3479218578690336
6.61506974128234,0.14150731158605306,0.11383577052868436,0.32767154105736873
6.623068616422947,0.11113183636855567,0.1037106121228519,0.3074212242457038
6.631067491563554,-0.22770903637045917,-0.1966254218222755,0.3277090363704591
6.639066366704162,-0.1439820022497282,0.0,-0.24398200224972819
6.6470652418447695,-0.2,0.0,-0.41231891468112053
6.655064116985377,-0.2,0.0,-0.4365579302587197
6.663062992125984,-0.2,0.0,-0.46079694583631614
6.671061867266592,-0.2,0.0,-0.4850359614139153
6.6790607424071995,-0.2,0.0,-0.5092749769915145
6.687059617547806,-0.2,0.0,-0.533513992569111
6.695058492688414,-0.2,0.0,-0.5577530081467101
6.703057367829022,-0.2,0.0,-0.5819920237243092
6.7110562429696285,-0.09812523434572505,0.0,-0.6
6.719055118110236,-0.1,0.0,-0.2999443251411758
6.727053993250844,-0.1,0.0,-0.291864653281976
6.735052868391451,-0.1,0.0,-0.2837849814227772
6.7430517435320585,-0.1,0.0,-0.2757053095635774
6.751050618672666,-0.1,0.0,-0.26762563770437764
6.759049493813273,-0.1,0.0,-0.2595459658451788
6.767048368953881,-0.1,0.0,-0.25146629398597903
6.775047244094488,-0.1,0.0,-0.24338662212677928
6.783046119235095,-0.1,0.0,-0.23530695026758042
6.791044994375703,-0.1,0.0,-0.22722727840838064
6.799043869516311,-0.1,0.0,-0.2191476065491809
6.8070427446569175,-0.1,0.0,-0.21106793468998203
6.815041619797525,-0.1,0.0,-0.20298826283078225
6.823040494938133,0.0,0.0,-0.09827076700158205
6.83103937007874,0.0,0.0,-0.09149205925530511
6.8390382452193474,0.0,0.0,-0.08471335150902741
6.847037120359955,0.0,0.0,-0.07793464376274971
6.855035995500562,0.0,0.0,-0.07115593601647276
6.86303487064117,0.0,0.0,-0.06437722827019506
6.871033745781777,0.0,0.0,-0.057598520523917354
6.879032620922385,0.0,0.0,-0.05081981277763965
6.887031496062992,0.0,0.0,-0.04404110503136271
6.8950303712036,0.0,0.0,-0.037262397285085
6.903029246344207,0.0,0.0,-0.0304836895388073
6.911028121484814,0.0,0.0,-0.02370498179253036
6.919026996625422,0.0,0.0,-0.01692627404625266
6.92702587176603,0.0,0.0,-0.010147566299974958
6.935024746906636,0.0,0.0,-0.0033688585536980065
6.943023622047244,0.0,0.0,0.0
6.951022497187852,0.0,0.0,0.0
6.959021372328459,0.0,0.0,0.0
6.967020247469066,0.05101237345331307,0.0,-0.05101237345331307
6.975019122609674,0.08885853554019983,0.0,-0.08885853554019983
6.983017997750281,0.07616190833288736,0.0,-0.07616190833288736
6.991016872890889,0.06346528112557348,0.0,-0.06346528112557348
6.999015748031496,0.050768653918259604,0.0,-0.050768653918259604
7.007014623172103,0.038072026710947136,0.0,-0.038072026710947136
7.015013498312711,0.025375399503633253,0.0,-0.025375399503633253
7.0230123734533185,0.012678772296319377,0.0,-0.012678772296319377
7.031011248593925,0.0,0.0,0.0005624296962823193
7.039010123734533,0.024746906636671784,0.0,0.024746906636671784
7.047008998875141,0.0,0.0,0.1
7.055007874015748,0.0,0.0,0.1
7.063006749156355,0.0,0.0,0.1
7.071005624296963,0.0,0.0,0.1
7.079004499437571,0.0,0.0,0.1
7.0870033745781775,0.0,0.0,0.1
7.095002249718785,0.0,0.0,0.1
7.103001124859393,0.0,0.0,0.1
7.111,0.2,-0.1,-0.2
